581 1000 1744 1744 1744 1744 1744 1000 581 1000 1744 1419 2010 1838|0.001 -0.04349514404146104 0.06252459904934282 0.14783165697721978
573 333 573 1000 1000 1000 1000 1000 573 333 573 814 1414 1153|0.001 0.12936085186681323 -0.1429430554024702 0.05200898741510418
581 1000 1744 1744 1744 1744 1744 1000 581 1000 1744 1419 2010 1838|0.001 0.01190539031348914 0.021821798965915296 -0.11563706928092721
573 333 573 1000 1000 1000 1000 1000 573 333 573 814 1414 1153|0.001 0.10578554114873073 -0.14325314163386782 -0.02503824389907594
465 303 408 314 284 151 168 865 429 231 314 669 1040 544|0.001 0.07669722141804503 -0.12466967674645724 0.08147372808005482
651 877 2151 611 326 360 676 923 496 676 1861 1581 1170 594|0.001 -0.16387300625585466 0.12367602288237745 0.05197610840373068
6128 1000 7542 3712 3441 3441 3712 533 251 533 1006 6872 4066 3658|0.001 -0.12158728521333262 0.12012244855562182 0.00015937810906141436
144 927 269 2032 271 68 1651 1000 144 927 269 1095 1245 197|0.001 0.07332097101580226 -0.02893600427843368 0.01364660823970576
133 812 133 492 492 456 456 133 71 33 71 911 613 539|0.001 0.16832472185859704 -0.05098804991947148 -0.1537135743250706
3441 533 3712 7542 6128 251 1006 1000 3441 533 3712 4066 6872 3658|0.001 -0.046852906729913935 0.013493154659600659 0.02929914071848838
566 200 566 1600 1600 1200 1200 1000 693 200 693 721 1887 1327|0.001 0.15957816766178023 -0.1537716573358594 -0.04439151173724176
289 1000 1443 2309 1732 1732 2309 816 289 816 1443 1190 2449 1756|0.001 -0.1591542417561853 0.17257001060349664 -0.03239576278822209
693 200 693 1600 1600 1200 1200 1000 566 200 566 825 1887 1697|0.001 0.16995575723624645 -0.15240903257959793 0.01893543288882249
354 1000 1768 2828 2121 2121 2828 1225 354 1225 1768 1275 2345 2151|0.001 -0.16788296084640275 0.18050827072794817 0.0036073505981715215
408 303 465 284 314 168 151 865 314 231 429 735 911 544|0.001 0.09771414696124747 -0.11607739221086599 -0.023485273087787695
742 1141 2453 771 411 372 697 771 566 1053 2123 1640 1334 830|0.001 -0.1961059665326359 0.15193778976881678 0.07656073968746568
573 333 573 433 433 231 231 500 428 67 428 814 829 772|0.001 0.16134485689777156 -0.19863744311675702 -0.0020921157818321046
1155 1000 2309 1324 988 988 1324 533 154 533 770 1915 1782 1074|0.001 -0.06333055023065914 0.16999393968969656 -0.1590227050381865
403 746 755 1744 581 116 872 1000 403 746 755 1346 1419 479|0.001 0.10562762074870058 0.001753446557040128 -0.008292275298152907
581 1000 1744 755 403 403 755 746 116 746 872 1419 1346 479|0.001 -0.16917590984385833 0.1509541084855548 -0.0208193634042797
433 500 433 573 573 428 428 333 231 67 231 829 814 772|0.001 0.12204623291567795 -0.11535103509352385 0.022715417098284618
988 533 1324 2309 1155 154 770 1000 988 533 1324 1782 1915 1074|0.001 0.007879422957028925 -0.0635110471954825 0.06914576825865604
368 333 368 231 231 123 123 733 353 191 353 685 887 419|0.001 0.0827305857819205 -0.058825835918168146 -0.005618980487009928
906 1000 2719 628 335 335 628 960 520 960 1994 1861 1140 763|0.001 -0.12816543020520932 0.11667461914014465 -0.07439255186102667
354 1000 1768 1000 187 187 1000 921 88 921 354 1275 1106 258|0.001 -0.20105808338466757 0.1367578596507779 0.04273560262837206
921 187 1000 1768 354 88 354 1000 921 187 1000 1106 1275 938|0.001 -0.05055903270140827 0.038595912060197524 0.030031166810071674
2828 5000 2828 530 530 2828 2828 250 2604 1000 2604 3606 729 2828|0.001 0.09777541793640099 -0.06907870458790488 -0.4277897925260177
1768 1000 354 187 1000 1000 187 921 354 921 88 1275 1000 1275|0.001 -0.0114519931963597 0.19967845943608342 -0.051789019079895304
566 200 566 566 566 106 106 200 521 50 521 721 721 625|0.001 0.13763009252444558 -0.23393285193541447 0.07813977100912028
187 921 1000 1768 354 88 354 1000 187 921 1000 1106 1275 258|0.001 -0.05736186690117773 0.059060020716057426 0.030316607374252236
493 188 816 1443 1179 1039 1066 1875 925 352 1531 976 1573 1087|0.001 0.179666155167586 -0.12434002891943075 0.04470846001178863
566 738 1061 1299 693 130 244 817 342 720 641 1456 1510 676|0.001 0.13566678954429312 -0.16525587830247268 0.044350235061412224
629 533 770 816 493 263 435 188 554 100 568 1162 976 791|0.001 0.05968270485367633 0.005537016047532095 -0.10775301499766132
380 1655 2027 2390 2106 2159 2925 1875 712 3103 3800 1170 2203 2279|0.001 -0.20457574328437866 0.07005147206482043 -0.1536817656791134
848 1224 1590 785 418 692 1298 881 159 904 298 1334 1258 490|0.001 -0.14955241705602584 0.02778724044816494 0.07627049554908893
1123 533 1275 2027 380 203 1081 1655 1152 882 1560 1604 1170 1125|0.001 0.11708376972173307 -0.19743773449605762 0.04525045005878914
1000 1000 1000 545 545 545 545 1467 133 1467 133 1414 1328 656|0.001 -0.12544460964236337 0.14542831196777461 -0.2711515104978779
1000 1000 1000 545 545 545 545 133 1467 133 1467 1414 656 1328|0.001 0.08722361375408605 -0.26811446382070003 0.004631112250350622
1000 1000 1000 545 545 545 545 1467 133 1467 133 1414 1328 656|0.001 -0.15389545216502043 0.12797428942024736 -0.23044010271055737
1000 1000 1000 545 545 545 545 133 1467 133 1467 1414 656 1328|0.001 0.10343137354613008 -0.0704739805041732 -0.2541815837131589
1000 1000 1000 71 71 566 566 900 1116 200 1116 1414 951 1149|0.001 0.18567745028524207 -0.0989434983032389 -0.97742554925623
12728 1000 14142 14142 15780 15780 14142 8000 2828 8000 14142 13454 16248 16882|0.001 -0.7511375905400142 0.05912540102485542 -0.11917096504832525
1000 1000 1000 71 566 566 71 1116 200 1116 900 1414 1149 721|0.001 -0.1328623304637988 0.19179847883747936 -0.8532809071411962
71 900 71 1000 1000 1116 1116 1000 566 200 566 951 1414 1149|0.001 0.12090405176995889 -0.3157089598099849 0.09693525123579683
354 1000 1768 1768 1972 1972 1768 125 1591 125 1768 1275 1772 2110|0.001 -0.00283870089440863 0.006848807136086155 0.12928772912854436
566 200 566 1000 1000 1116 1116 1000 71 900 71 721 1414 1002|0.001 -0.1374532835673581 0.08485324266978456 -0.055368305111613836
807 1000 179 507 63 63 507 896 896 896 896 1070 1030 853|0.001 0.047221430397894615 0.9705312647787223 0.05522629635166254
2828 5000 2828 5579 5579 5000 5000 4500 354 5000 354 3606 5969 5745|0.001 -0.16601771585130098 0.11070841968788381 -0.08078379549166792
1768 1000 354 1972 1768 1768 1972 125 1768 125 1591 1275 2031 2500|0.001 0.11920621568345835 -0.32660613960714624 -0.07416538928993077
5579 4500 5579 2828 2828 354 354 5000 5000 5000 5000 5969 3606 5745|0.001 -0.828298674635638 0.08318086977027628 -0.03384249358868163
496 267 363 667 667 978 978 1000 496 267 363 598 1202 948|0.001 0.13085674204540654 -0.08535971114747021 -0.045928109388103655
538 732 2016 1344 1972 1972 1344 1000 538 732 2016 1501 1911 2044|0.001 -0.07362148540703717 0.0827395811899323 -0.2392665959760376
363 267 496 667 667 978 978 1000 363 267 496 744 1202 885|0.001 0.03210746993226543 0.010860279380882076 -0.12358727398864566
734 1366 2754 1836 2693 2693 1836 1000 734 1366 2754 1646 2438 2791|0.001 -0.10386890764963352 0.10188047212214668 -0.20122140461239724
230 604 1225 2828 1414 1149 1414 1000 230 604 1225 1195 2236 1295|0.001 -0.20467829136081805 0.1846973739496227 -0.06330640084681871
493 188 816 2309 1155 938 1155 1000 493 188 816 976 1915 1152|0.001 0.17246772377834674 -0.17137992552802683 -0.05060627051821864
816 188 493 1155 2309 1155 938 1000 816 188 493 577 1915 1826|0.001 0.12775517052276975 -0.11962202555372392 -0.019568087591097516
380 1655 2027 2340 1901 2340 4680 1000 380 1655 2027 1170 2334 2143|0.001 -0.15205477322342342 0.15967502524342647 0.0814744575488291
289 1000 1443 1443 1179 1179 1443 125 1299 125 1443 1190 1519 1329|0.001 0.1203963982999956 -0.09948481959361044 -0.06416248994651208
693 200 693 1000 1000 817 817 1000 87 900 87 825 1414 1052|0.001 -0.04966589723635506 -0.02743806011657246 0.09276190814048624
1000 1000 1000 87 87 693 693 900 817 200 817 1414 953 825|0.001 0.06955479232575668 0.05444758364444802 0.23578136003747474
10392 1000 11547 11547 9434 9434 11547 8000 2309 8000 11547 11000 9522 10630|0.001 -0.0780366154620371 0.03629077443586759 -0.026201596802560845
1000 1000 1000 87 693 693 87 817 200 817 900 1414 825 825|0.001 -0.1629320499577369 0.19718603965540593 -1.0046888406702548
87 900 87 1000 1000 817 817 1000 693 200 693 953 1414 825|0.001 0.12971884970559566 -0.8976135198253588 -0.06681637998518841
3464 5000 3464 4085 4085 5000 5000 4500 433 5000 433 4123 4603 4123|0.001 -0.24727583563786126 0.05779789762770493 0.09296060867711287
1102 1000 245 848 106 106 848 1224 1224 1224 1224 1127 1009 1166|0.001 -0.018218468029848056 0.30950831599251494 0.11648826027235382
1443 1000 289 1179 1443 1443 1179 125 1443 125 1299 1190 1190 2041|0.001 0.16923867133418646 -0.12674318237828275 -0.19593465258873732
4085 4500 4085 3464 3464 433 433 5000 5000 5000 5000 4603 4123 4123|0.001 0.43546253940234925 0.16251145003630674 -0.012802913031902952
1123 533 1275 3510 2121 195 936 1523 1208 812 1741 1604 2535 1287|0.001 -0.10302570930676436 0.15487254217933621 0.026233464935025985
434 604 285 363 496 344 320 267 231 56 152 722 598 701|0.001 0.1652338735201142 -0.10841706858226163 -0.06626622012708028
467 694 875 2016 538 112 1218 732 306 645 574 1415 1501 557|0.001 0.03436080813052689 0.018832660839780413 0.04186432778789051
1392 656 2304 1143 793 737 837 533 128 350 614 2253 1616 903|0.001 -0.14862172554364284 0.11364575188724135 0.01070841335494288
533 1000 533 370 370 693 693 573 436 200 436 1133 843 581|0.001 0.06682392124420788 -0.12512634208307727 0.05355852201219369
1552 1000 2706 1443 1179 1179 1443 1875 541 1875 2706 2280 1573 1493|0.001 0.015689003019581094 0.06773628684172639 0.09588858817134449
1875 1000 1875 693 1299 1299 693 817 375 817 1075 2125 1090 1546|0.001 -0.13778181832102998 0.07780264010853966 -0.029646553815607657
370 573 370 533 533 436 436 1000 693 200 693 843 1133 581|0.001 -0.006652220291833988 -0.027985449986545063 -0.19640415510696285
482 261 482 371 371 198 198 682 371 91 371 702 905 643|0.001 0.21270083219202096 -0.25004886081071986 0.04139464191108333
1836 1000 2693 1297 1000 1000 1297 533 245 533 702 2438 1731 1204|0.001 -0.015440344681648677 0.14114482869013179 -0.12831312704891018
541 1000 2076 771 411 411 771 771 189 771 1415 1457 1334 521|0.001 -0.22831630543614367 0.2043616731318565 0.008744190203555657
371 682 371 482 482 371 371 261 198 91 198 905 702 643|0.001 0.0896077404199791 -0.14911111220609286 -0.01350932370873692
696 533 943 1225 230 122 653 604 679 322 770 1373 1195 734|0.001 -0.05476495910750945 0.09605430381427249 0.06503886735801157
693 817 1299 1061 566 342 641 738 130 720 244 1510 1456 676|0.001 -0.11555143169545867 0.046288327607559854 -0.013781851969675296
230 604 1225 1768 1305 1273 1444 1875 431 1133 2296 1195 1398 1275|0.001 -0.07116347284086944 0.11676107019504389 0.020162951453432942
770 533 629 493 816 435 263 188 568 100 554 839 577 1121|0.001 0.04199190461094737 -0.04541477103720437 0.03319363717123602
418 881 785 1590 848 159 298 1224 692 904 1298 1258 1334 490|0.001 -0.23798035018498198 0.18229027974283163 0.009329258142367625
816 188 493 1179 1443 1066 1039 1875 1531 352 925 577 2179 1141|0.001 0.17216234376195683 -0.25129331646952746 -0.10252508536142568
500 1000 500 246 246 246 246 1000 67 1000 67 1118 1030 306|0.001 -0.13743496508056507 -0.0008497677749497168 0.09605655750532405
2000 1000 2000 492 492 492 492 133 2000 133 2000 2236 613 2060|0.001 0.022770971736387757 -0.16111039277734052 0.03361693679989841
500 1000 500 246 246 246 246 1000 67 1000 67 1118 1030 306|0.001 -0.17637834390468066 0.17156697476434113 -0.04585043668107747
2000 1000 2000 492 492 492 492 133 2000 133 2000 2236 613 2060|0.001 0.08586719924690511 -0.14205457484741446 0.009439317166404226
5581 816 6158 3031 2956 3179 3031 533 513 435 821 6212 3198 3386|0.001 -0.10121628827157059 0.033240157763334555 0.06416741988929386
176 975 330 2032 271 169 1841 1000 144 1049 269 1055 1245 307|0.001 -0.05564870169106784 0.03801428616435176 0.1096119689443853
162 906 133 492 492 480 516 133 87 83 71 916 613 519|0.001 0.006216054381806835 -0.030402083025815596 0.07513360304326921
3893 533 3712 7542 6835 629 1006 1225 3621 653 3712 3569 6908 4434|0.001 0.0005032000127735969 -0.07835782023795757 0.09753854935617756
667 1000 667 328 363 363 328 1156 89 1156 89 1202 1201 437|0.001 -0.031731951220907995 0.1396816755905994 -0.1223564153507628
1500 1000 1500 492 492 545 545 133 1733 133 1733 1803 613 1802|0.001 0.08747974360882482 -0.06699572691008848 -0.23521361390618778
667 1000 667 363 328 328 363 1156 89 1156 89 1202 1052 409|0.001 0.0052225057732324665 0.08256211417720483 -0.1852135254600218
1500 1000 1500 545 545 492 492 133 1733 133 1733 1803 656 1579|0.001 0.04653073755952697 -0.1680923870843698 -0.07871947241772537
921 187 1000 1768 1972 1369 1305 1875 1726 352 1875 1106 2577 1076|0.001 0.25570966105559645 -0.23562457770522238 0.031955600992230604
566 738 1061 1061 566 106 199 1116 521 774 977 1456 1149 625|0.001 -0.21819207675891406 0.1489170405356277 -0.005755893587418015
1052 533 943 1000 921 491 533 188 730 100 696 1083 1106 1488|0.001 0.1304277435481227 -0.2512673466930526 0.05458566847341029
204 1086 1086 2142 1487 1417 1920 1875 382 2037 2037 1086 1169 1363|0.001 -0.24706202301334468 0.1941183667423796 -0.05032937998275644
507 896 951 875 467 507 951 694 95 662 178 1306 1415 507|0.001 -0.030987914239171133 0.09719429620298259 -0.0947811873497928
793 533 1143 1086 204 109 579 1086 756 579 1024 1616 1086 846|0.001 0.02734614475285113 -0.06018619542481729 0.0037253169095130545
696 533 943 1000 188 100 533 921 645 491 696 1373 1106 762|0.001 -0.018984225072045113 0.01355421725274697 0.058916858961850505
566 738 1061 1061 566 521 977 738 106 684 199 1456 1456 625|0.001 -0.11202030222641102 0.09786281664128982 -0.045772526436481664
187 921 1000 1768 1305 1210 1305 1875 352 1726 1875 1106 1398 1120|0.001 -0.30785695307824934 0.2512584160777931 -0.04870370951307379
943 533 696 921 1000 533 491 188 696 100 645 745 1000 1373|0.001 0.049956280879579484 -0.11814929557330656 0.0821801958573376
705 927 1323 1437 766 144 269 1355 766 1000 1437 1447 1071 766|0.001 -0.06815915899625491 0.014833672847269774 0.02761936597075465
1000 187 921 1305 1768 1305 1210 1875 1875 352 1726 1000 2574 1398|0.001 0.1584598799935244 -0.2853648613143167 -0.11967786794199853
921 187 1000 1768 1305 1210 1305 1875 1726 352 1875 1106 1398 1667|0.001 0.13393108562614664 -0.2417666322004619 -0.09533430267707366
566 738 1061 1061 566 106 199 738 521 684 977 1456 1456 625|0.001 -0.0683861453477852 0.15418773087495063 -0.026432218771711424
696 533 943 1000 921 491 533 188 645 100 696 1373 1106 1007|0.001 0.07536098425431348 0.03111256475819113 -0.14595531820651098
204 1086 1086 1417 1314 1417 1920 1875 382 2037 2037 1086 1811 1552|0.001 -0.20218692723132037 0.2248549752607376 -0.001974873311340053
766 1355 1437 1323 705 766 1437 927 144 1000 269 1071 1447 766|0.001 -0.10670548080654929 0.05614520213017116 0.05744649621485021
701 533 756 1086 204 109 579 1086 756 579 1024 1094 1086 649|0.001 0.04113180855431775 -0.005982376086431929 0.04429570015962003
701 533 756 1536 1248 51 205 1000 701 533 756 1094 1708 745|0.001 -0.13207268468081068 0.19084991138580865 -0.017985738768887538
651 812 651 492 492 456 456 133 347 33 347 1112 613 712|0.001 0.049685689823937285 0.056127367778540105 -0.0021535597714983368
705 927 1323 2032 271 68 1651 1000 705 927 1323 1447 1245 718|0.001 -0.08019122100200282 0.010905955711719706 0.11996862887540649
1248 1000 1536 756 701 701 756 533 51 533 205 1708 1094 745|0.001 -0.11972054726910653 0.023508348352958564 0.11340445531052179
230 604 1225 2828 1414 1282 2121 1000 187 921 1000 1195 2236 1427|0.001 -0.19016356946195523 0.19646494295736172 0.0009033815501391373
921 187 1000 2828 2121 1282 1414 1225 604 230 1000 1106 2345 2074|0.001 0.15002264035347546 -0.15732052105005834 -0.06882943721386203
816 188 493 1732 2309 1155 1046 816 816 153 752 577 1915 1826|0.001 0.17238942639696386 -0.1930601929661624 -0.018846460241442875
204 1086 1086 2304 1392 1536 3072 656 249 1086 1330 1086 2253 1549|0.001 -0.14914228667177065 0.15251045968448507 0.06865710325597352
354 1000 1768 5303 4596 4596 5303 1225 354 1225 1768 1275 4704 4610|0.001 -0.18915493565492603 0.19275662303693597 -0.0949158165984354
566 200 566 3000 3000 2600 2600 1000 693 200 693 721 3162 2661|0.001 0.16139327496816902 -0.15136732554870247 -0.07718177164085738
289 1000 1443 4330 3753 3753 4330 816 289 816 1443 1190 4406 3764|0.001 -0.1946764321433314 0.19258452234443446 -0.026605480653337787
693 200 693 3000 3000 2600 2600 1000 566 200 566 825 3162 3053|0.001 0.15257860462658535 -0.14073999684976246 -0.0993278673639908
364 1426 1681 1681 994 994 1681 1596 364 1892 1681 1152 655 1059|0.001 -0.11659742643588156 0.1153201534234416 -0.07313764615305418
1126 217 950 1000 1000 592 592 1000 848 217 595 1009 1414 1629|0.001 0.21849837345770062 -0.22166398987220948 -0.017994302951391816
192 844 888 888 526 526 888 753 192 528 888 1118 1447 560|0.001 -0.17242826985112036 0.16242312925948577 -0.03125663559674696
595 217 848 1000 1000 592 592 1000 950 217 1126 1018 1414 390|0.001 0.1750967667245229 -0.18203523475981087 -0.04529665591203935
289 1000 1443 4330 3175 3175 4330 1000 289 1000 1443 1190 3841 3189|0.001 -0.16838296220816673 0.16195123796612032 -0.05937257996340706
693 200 693 3000 3000 2200 2200 1000 693 200 693 825 3162 2661|0.001 0.11956727259828881 -0.10012383612133413 -0.04049517863713881
289 1000 1443 4330 3175 3175 4330 1000 289 1000 1443 1190 3841 3189|0.001 -0.15819684977981807 0.16142859362988204 -0.06954631823929858
693 200 693 3000 3000 2200 2200 1000 693 200 693 825 3162 2661|0.001 0.1772836725614968 -0.18091141351027407 -0.056297074037422457
187 921 1000 2828 1414 1414 2828 1000 187 921 1000 1106 2236 1427|0.001 -0.1642889406171688 0.1561869514335701 0.04873110027558525
921 187 1000 2828 2828 1414 1414 1000 921 187 1000 1106 3000 2202|0.001 0.11680874250992623 -0.11864800509640894 -0.007104762846913415
1000 187 921 2828 2828 1414 1414 1000 1000 187 921 1000 3000 2236|0.001 0.19191109124526706 -0.20686302143927637 0.058000723316160574
204 1086 1086 3072 1536 1536 3072 1000 204 1086 1086 1086 2391 1549|0.001 -0.2446579040935415 0.24216139682496252 0.04939805099009931
581 1000 1744 1090 1090 1090 1090 1000 581 1000 1744 1419 1479 1235|0.001 -0.19293495710188902 0.16970906876430103 -0.02455016617666672
573 333 573 625 625 625 625 1000 573 333 573 814 1179 848|0.001 0.02830483892511726 -0.004605929982601786 -0.08541480097703835
581 1000 1744 1090 1090 1090 1090 1000 581 1000 1744 1419 1479 1235|0.001 -0.06900671106270129 0.06951157805802355 -0.12815733158311082
573 333 573 625 625 625 625 1000 573 333 573 814 1179 848|0.001 0.04983178812366207 -0.07923046454818561 -0.07450389037484073
1000 1000 1000 1299 693 87 693 817 817 817 817 1414 1510 1052|0.001 -0.14416633647631794 0.08345480955987084 0.07378366655797608
629 533 770 770 629 629 770 533 629 67 770 1162 1162 630|0.001 0.1690100399218486 -0.12879920137863987 -0.1725838534246149
693 817 1299 1000 1000 817 817 1000 87 817 693 1510 1414 1052|0.001 -0.22861636813374053 0.20399451213905406 -0.04700336814400963
770 533 629 629 770 770 629 533 770 67 629 839 839 1089|0.001 0.19051575580496527 -0.20914363172285233 -0.06177601862701998
848 1224 1590 1000 1000 1224 1224 1000 106 1224 848 1334 1002 1009|0.001 -0.21095860123036325 0.17718167300294185 -0.016963591500320785
1000 1000 1000 1590 848 106 848 1224 1224 1224 1224 1002 1334 1009|0.001 0.08244276003475992 0.11388621926581521 0.020213794127619256
245 1000 1102 1102 2693 2693 1102 1000 245 1000 1102 1127 1992 2704|0.001 -0.17243187387472547 0.19141497797913853 -0.34589639142628914
908 222 908 1000 1000 2444 2444 1000 908 222 908 1023 1414 1808|0.001 0.17695295012815526 -0.1520539870110149 -0.30043967325816934
245 1000 1102 1102 2693 2693 1102 1000 245 1000 1102 1127 1992 2704|0.001 -0.17922209226523322 0.19751173863296723 -0.34142267008008265
908 222 908 1000 1000 2444 2444 1000 908 222 908 1023 1414 1808|0.001 0.19205903095305565 -0.17619962241078646 -0.3425451714155503
1102 1000 2693 245 1102 1102 245 1000 1102 1000 2693 1992 1127 1558|0.001 -0.02527337265847418 0.08720486325124677 -0.3646198443111648
371 409 371 91 91 409 409 1000 371 409 371 740 1004 418|0.001 0.006580791030585953 0.03160764991982479 -0.04851340044902952
1102 1000 2693 245 1102 1102 245 1000 1102 1000 2693 1992 1127 1558|0.001 -0.04446686328483551 0.06565753361234661 -0.7125945640220144
371 409 371 91 91 409 409 1000 371 409 371 740 1004 418|0.001 0.14045403063630113 -0.12261772471952148 -0.4601655180308928
1000 1000 1000 2693 1102 245 1836 1000 1000 1000 1000 1731 1992 1127|0.001 -0.1751046718931959 0.01837381654608894 0.09090890843003852
371 409 371 371 371 371 371 682 371 91 371 740 905 643|0.001 0.21824659740302677 -0.2307554447952498 -0.07022090634508316
1836 1000 2693 1000 1000 1000 1000 1000 245 1000 1102 2438 1731 1204|0.001 -0.19839497614364432 0.15576394078427258 -0.06603493307589248
1102 1000 2693 1000 1000 1000 1000 1000 245 1000 1836 1992 1731 1127|0.001 -0.20937595736060022 0.20308615272998765 -0.02099927317184891
371 682 371 371 371 371 371 409 371 91 371 905 740 643|0.001 0.10283870741504275 -0.12058048622396678 -0.06449424938620218
1000 1000 1000 2693 1836 245 1102 1000 1000 1000 1000 1731 2438 1204|0.001 0.13895297441891774 -0.24403191538392544 0.08018787630172497
533 1000 533 302 302 566 566 573 595 200 595 1133 815 777|0.001 0.10530407132575803 -0.04940879020432831 -0.055317514693552505
1900 1000 3315 1768 1972 1972 1768 1875 663 1875 3315 2702 2577 2269|0.001 -0.17382170210888503 0.07819782958461197 -0.12460724610255602
1875 1000 1875 566 1061 1061 566 1116 375 1116 1075 2125 1458 1352|0.001 -0.152108317135784 0.19483629540553382 -0.22338233604589974
302 573 302 533 533 595 595 1000 566 200 566 815 1133 777|0.001 0.1797690843526989 -0.33256905261992986 -0.043030501010762334
368 333 368 189 189 101 101 733 319 191 319 685 877 439|0.001 0.11824135003436709 -0.17816837615731052 0.1370384780331202
906 1000 2719 513 273 273 513 866 520 866 1994 1861 1194 739|0.001 -0.04601454782199643 0.06240649526721098 -0.001152880972086212
435 261 435 507 507 270 270 682 336 91 336 670 969 643|0.001 0.18292676162534383 -0.19158373064900758 -0.01372996657415304
1344 1000 1972 857 662 662 857 533 179 533 514 1911 1267 824|0.001 -0.009960798001391602 0.10082170041636251 -0.14847506971286895
600 1000 2301 1167 622 622 1167 772 209 772 1569 1543 1479 716|0.001 -0.2501099720142741 0.21400974686517582 0.022431291266753473
507 682 507 435 435 336 336 261 270 91 270 969 670 643|0.001 0.14916440219103322 -0.15405896879916448 -0.09788451962862155
566 600 693 1000 1000 738 817 1000 71 950 87 1149 1414 1051|0.001 -0.07743010467294642 0.05788233846154123 0.0029695330764778483
1061 1225 1768 1768 1305 1444 1768 125 1679 153 1768 1458 1858 2127|0.001 0.0871679823373217 0.040927395576790815 -0.10036558351009806
1443 816 866 1179 1443 1443 1066 125 1443 102 1371 1190 1190 2041|0.001 0.03736532569935669 0.04853866101968585 -0.05267793915317065
1155 1667 943 1230 1362 1667 1667 1583 144 1667 118 1915 2005 1374|0.001 -0.1349549378174375 0.0644002026824042 -0.09282410998604607
866 816 1443 1443 1179 1066 1443 125 1371 102 1443 1658 1519 1373|0.001 0.09023287569714711 -0.14383182517061166 -0.15109916189848804
693 600 566 1000 1000 817 738 1000 87 950 71 825 1414 1052|0.001 -0.1616008112420042 0.0467940493093133 0.04127443348573623
943 1667 1155 1362 1230 1667 1667 1583 118 1667 144 1374 1586 1202|0.001 -0.082707450140731 0.07151846682075913 -0.0321066308613005
1768 1225 1061 1305 1768 1768 1444 125 1768 153 1679 2031 1275 2500|0.001 0.07143726970146869 0.20762143919380582 -0.07165459382383887
1000 1000 1000 1061 566 71 566 1116 738 1116 738 1414 1149 1051|0.001 -0.18157259950144944 0.048145848174059314 0.03887795019561491
566 738 1061 1000 1000 1116 1116 1000 71 738 566 1456 1414 1002|0.001 -0.184252562335675 0.16682962388845368 -0.015050461941513715
1052 533 943 943 696 696 943 533 1052 67 943 1083 1373 1185|0.001 0.1732250798193058 -0.20014083644106062 -0.005670787520830611
943 533 696 1052 943 943 1052 533 943 67 696 745 1374 1333|0.001 0.14357520854921813 -0.11844228057593997 -0.07022497900279867
507 896 951 662 662 896 896 1000 63 896 507 1306 1127 646|0.001 -0.17577280349172386 0.16862231803391747 -0.04477105734979614
1511 1000 1511 1437 766 96 766 1355 1355 1355 1355 1703 1071 1556|0.001 0.1587264929538046 -0.2067509698568415 0.027401631462893317
1000 1000 1000 1061 566 71 566 738 1116 738 1116 1414 1456 1002|0.001 0.03752255550819816 -0.09694564297037522 0.08903080846516476
566 1116 1061 1000 1000 738 738 1000 71 1116 566 1149 1414 1051|0.001 -0.1463239463971644 0.16982813339311065 -0.13415948333624916
696 533 943 943 1052 1052 943 533 696 67 943 1373 1083 1185|0.001 0.15592694188111267 -0.16002905015140456 0.02391066089465932
943 533 1052 696 943 943 696 533 943 67 1052 1374 745 1333|0.001 0.1695718667796986 -0.14826616243219237 -0.08629091031982061
662 1000 662 951 507 63 507 896 896 896 896 1127 1306 646|0.001 0.08579948051927522 -0.03178878452579137 0.02466224276916229
766 1355 1437 1511 1511 1355 1355 1000 96 1355 766 1071 1703 1556|0.001 -0.2137509659498915 0.1798014063474862 0.006189558157223551
245 1000 1102 1163 3182 3182 1163 1366 245 1366 1102 1127 2462 3192|0.001 -0.17777309182513523 0.19670255633897238 -0.3763396174974265
908 222 908 1056 1056 2889 2889 1000 1240 222 1240 1023 1454 2235|0.001 0.1963663672963012 -0.1774200477547594 -0.38262127943254787
179 1000 807 851 2330 2330 851 732 179 732 807 1070 1501 2337|0.001 -0.17050673504141578 0.19092514684457607 -0.3771589553475563
1240 222 1240 1056 1056 2889 2889 1000 908 222 908 1326 1454 1861|0.001 0.1949572859891724 -0.17564673872162873 -0.3770856444031889
1163 1366 3182 245 1102 1102 245 1000 1163 1366 3182 2050 1127 1602|0.001 -0.14260176967143545 0.1349565183013679 -0.5017736199055611
429 365 314 77 77 346 346 1000 429 365 314 644 1003 459|0.001 0.09566407655154929 -0.0542146993597481 -0.29179724665669315
851 732 2330 179 807 807 179 1000 851 732 2330 1803 1070 1173|0.001 -0.04860956218538215 0.08406128894862253 -0.6048223810153308
314 365 429 77 77 346 346 1000 314 365 429 774 1003 354|0.001 0.14342242286278006 -0.1386854317352526 -0.7523888954586799
429 365 314 314 284 284 314 865 429 231 314 644 1040 544|0.001 0.15763655449748004 -0.12305706104159486 -0.055897918556876425
851 732 2330 662 662 732 732 1000 538 732 2016 1803 1267 853|0.001 -0.0755762970149032 0.07846610376030183 -0.10127035625815628
1163 1366 3182 1000 1000 904 904 1000 734 1366 2754 2050 1731 1473|0.001 -0.16099541977074638 0.16178878610777492 -0.019391242644258844
314 365 429 284 314 314 284 865 314 231 429 774 911 544|0.001 0.06579483025959787 -0.06143372561238647 -0.1954780591522065
573 333 573 433 354 189 231 750 497 200 428 814 1061 699|0.001 0.08511208612128618 -0.06919968254846087 -0.08327766836928374
581 1000 1744 616 329 403 755 867 349 746 1308 1419 1219 479|0.001 -0.21642228173666456 0.16174861477627145 0.09717641983114422
693 200 693 1600 1600 800 800 1000 693 200 693 825 1887 1327|0.001 0.13823799842356044 -0.1439471008762272 0.013433541939813498
289 1000 1443 2309 1155 1155 2309 1000 289 1000 1443 1190 1915 1190|0.001 -0.15412240481328388 0.15220987924559948 0.0051053933259259665
693 200 693 1600 1600 800 800 1000 693 200 693 825 1887 1327|0.001 0.13347562055025186 -0.14238995246485864 -0.07838628186091157
289 1000 1443 2309 1155 1155 2309 1000 289 1000 1443 1190 1915 1190|0.001 -0.12988081730346712 0.12170920026113308 -0.08054137866009392
906 1000 2719 1211 646 646 1211 674 181 674 1359 1861 1551 762|0.001 -0.15033735633476875 0.13943875432556263 -0.00293736700481273
556 533 826 2245 1123 150 748 1000 556 533 826 1281 1876 691|0.001 -0.0013359507196697429 0.05373177340888491 0.044300452956291814
445 500 445 368 368 248 248 333 238 67 238 836 685 571|0.001 0.16621096748551833 -0.15652149287021078 -0.061864921528483885
646 674 1211 2719 906 181 1359 1000 646 674 1211 1551 1861 762|0.001 0.08846601744842753 -0.14812678583969063 0.03191723655799672
368 333 368 445 445 238 238 500 248 67 248 685 836 571|0.001 0.13309484877470634 -0.11589103739625184 -0.07131484143456213
1123 1000 2245 826 556 556 826 533 150 533 748 1876 1281 691|0.001 -0.02976076128191174 0.1459499535458364 -0.15485966984823074
573 333 573 354 354 189 189 500 528 67 528 814 791 673|0.001 0.1887584874488213 -0.23493487828595394 -0.012913979086285332
1414 1000 2828 1622 1492 1492 1622 533 189 533 943 2236 1904 1579|0.001 -0.08911007983976926 0.1337277435005091 -0.03650773328956691
329 920 616 1744 581 116 872 1000 329 920 616 1174 1419 419|0.001 0.050508504439481516 0.003853958988901951 0.03446242505247721
581 1000 1744 616 329 329 616 920 116 920 872 1419 1174 419|0.001 -0.20233927128280205 0.14867766102151458 0.0789361454884352
354 500 354 573 573 528 528 333 189 67 189 791 814 673|0.001 0.14426090643925304 -0.12133497634098878 -0.0465492220518704
1492 533 1622 2828 1414 189 943 1000 1492 533 1622 1904 2236 1579|0.001 -0.09147970821387741 0.0649882732488738 0.07222162145256616
573 333 573 354 433 231 189 750 428 200 497 814 829 772|0.001 0.05497052723357099 -0.07180129750785524 0.11253956514842178
581 1000 1744 755 403 329 616 746 349 867 1308 1419 1346 668|0.001 -0.011285092096271487 0.053970731274546324 -0.05747109319386601
354 1000 1768 1225 230 230 1225 604 88 604 354 1275 1195 290|0.001 -0.1694780523297168 0.08252289559253168 0.10915294772519735
493 188 816 1443 289 72 289 1000 493 188 816 976 1190 514|0.001 -0.03279039825201946 0.0512177948631809 0.02606197783687092
2828 5000 2828 650 650 3464 3464 250 1709 1000 1709 3606 820 2000|0.001 0.3198053565495562 0.04852741250366055 -0.5951941394504456
1768 1000 354 230 1225 1225 230 604 354 604 88 1275 707 1458|0.001 -0.14630464642160113 -0.06382738294512857 -0.4816293851868514
566 200 566 693 693 130 130 200 342 50 342 721 825 676|0.001 0.1429367758848743 -0.18778374975160106 0.016549662654394837
230 604 1225 1768 354 88 354 1000 230 604 1225 1195 1275 290|0.001 -0.014651743925416794 -0.011975375651057663 0.04037650634673984
5004 1000 6158 3031 2956 2956 3031 533 205 533 821 5640 3198 3125|0.001 -0.11149233849856555 0.11811438149099462 0.008829510949395214
176 975 330 2032 271 68 1651 1000 176 975 330 1055 1245 222|0.001 -0.01410017251979423 0.017382908231589056 0.03505161535362733
162 812 162 492 492 480 480 133 87 33 87 916 613 519|0.001 0.14053723095801773 -0.10476459704898633 -0.03747114621550973
2956 533 3031 6158 5004 205 821 1000 2956 533 3031 3198 5640 3125|0.001 0.018637929211651194 -0.0428425177803482 0.062886683146548
1123 533 1275 2340 1901 78 312 1000 1123 533 1275 1604 2334 1188|0.001 0.0384578554459325 -0.10721778867212817 0.11616217711974297
427 812 427 545 545 480 480 133 228 33 228 998 656 685|0.001 0.11477282584013926 -0.03704692472000781 -0.08655463285694776
418 881 785 1836 245 61 1492 1000 418 881 785 1258 1204 436|0.001 -0.11571043499688183 0.04943027006336864 0.13438958414186297
1901 1000 2340 1275 1123 1123 1275 533 78 533 312 2334 1604 1188|0.001 0.01625730243550727 0.17419783364839958 -0.1978823221218895
187 921 1000 2828 1414 1149 1414 1000 187 921 1000 1106 2236 1288|0.001 -0.19715321856018653 0.1927701237953383 -0.0428769745279034
921 187 1000 2828 1414 1149 1414 1000 921 187 1000 1106 2236 1572|0.001 0.15907305908909875 -0.14394071275396714 -0.06388722514925393
1000 187 921 1414 2828 1414 1149 1000 1000 187 921 1000 2236 2236|0.001 0.11469324976514317 -0.10638503184828951 -0.09649005200386362
204 1086 1086 1536 1248 1536 3072 1000 204 1086 1086 1086 1708 1399|0.001 -0.07497447037037253 0.08643926353681941 -0.1272876141191992
696 533 943 1000 188 100 533 921 730 491 1052 1373 1106 669|0.001 -0.1550608256574193 0.18889595615183996 0.0460720535117809
566 1116 1061 1061 566 521 977 738 106 774 199 1149 1456 625|0.001 -0.13360576269708102 0.10273208360431108 0.017200161777264356
187 921 1000 1768 1305 1369 1972 1875 352 1726 1875 1106 1398 1461|0.001 -0.16321948928273655 0.13730792466905894 -0.061037321644147324
943 533 1052 921 1000 533 491 188 696 100 730 1374 1000 1373|0.001 0.06193096949306698 -0.034126096574544906 -0.06377335210287383
467 694 875 951 507 95 178 896 507 662 951 1415 1306 507|0.001 -0.1611154141806015 0.11316059075380247 0.03523179164339307
1000 187 921 1972 1768 1305 1369 1875 1875 352 1726 1000 2031 1398|0.001 0.1618291212113765 -0.15057425005786773 -0.024756950732335303
6835 1225 7542 3712 3893 3621 3712 533 629 653 1006 6908 3569 4434|0.001 -0.10948907187710799 -0.005431760807618202 0.15480819371608723
144 1049 269 2032 271 169 1841 1000 176 975 330 961 1245 222|0.001 -0.04020556512199458 0.0693665516679931 0.08345883642819851
133 906 162 492 492 516 480 133 71 83 87 1009 613 473|0.001 0.10717528689133893 0.06513692210998512 -0.18954908464979936
2956 533 3031 6158 5581 513 821 816 3179 435 3031 3198 6212 3386|0.001 -0.08336589013513307 0.1325032312884522 -0.040825521688694355
793 533 1143 2304 1392 128 614 656 737 350 837 1616 2253 903|0.001 -0.12991342739162137 0.10884714658219385 0.07131401439745666
285 604 434 496 363 320 344 267 152 56 231 978 744 457|0.001 0.14440294524817876 -0.07142243716336538 -0.05980757266284886
418 881 785 2754 734 153 1664 1366 637 948 1195 1258 1646 476|0.001 -0.08557448781573607 0.0985077107248511 0.08025264526833054
2121 1523 3510 1275 1123 1208 1741 533 195 812 936 2535 1604 1287|0.001 -0.008131851243367016 0.14503026875880565 -0.16454736688710003
187 921 1000 2828 1414 1282 2121 1000 230 604 1225 1106 2236 1295|0.001 -0.07891481035926962 0.09193589498261101 -0.04651262268797862
493 188 816 2309 1732 1046 1155 816 752 153 816 976 2449 1251|0.001 0.1882440406335384 -0.19460973893610567 -0.008161274832895193
1000 187 921 2121 2828 1414 1282 1225 1000 230 604 1000 3000 2236|0.001 0.20212697478898312 -0.224301808651739 -0.0015113308843262008
380 1655 2027 3510 2121 2340 4680 1523 310 1655 1655 1170 2535 2143|0.001 -0.17824410549577063 0.19071366899452658 -0.012060391741273158
906 1000 2719 1000 1000 1000 1000 1000 906 1000 2719 1861 1535 1350|0.001 -0.1677451324300705 0.15839261322639686 -0.08232964285331268
368 333 368 368 368 368 368 1000 368 333 368 685 1066 471|0.001 0.15195449772049452 -0.12986818465067773 -0.020248812771429536
906 1000 2719 1000 1000 1000 1000 1000 906 1000 2719 1861 1282 1350|0.001 -0.14508010817350203 0.15020400409815116 -0.07816310414202499
368 333 368 368 368 368 368 1000 368 333 368 685 1066 565|0.001 0.028573878007307485 -0.013952852152966377 0.0553684165228141
906 1000 2719 2719 2719 2719 2719 1000 906 1000 2719 1861 2897 2866|0.001 0.017746304576664595 -0.020867456817903474 -0.12928390847714244
368 333 368 1000 1000 1000 1000 1000 368 333 368 685 1414 1066|0.001 0.19189407627081323 -0.2143932109165292 -0.0132297087984945
906 1000 2719 2719 2719 2719 2719 1000 906 1000 2719 1861 2897 2866|0.001 -0.16111444726601087 0.14894288551773105 -0.07741429131139066
368 333 368 1000 1000 1000 1000 1000 368 333 368 685 1414 1066|0.001 0.10089914861001859 -0.08140828917124088 -0.05202743471584004
696 533 943 943 177 94 503 1260 701 672 1040 1373 1016 702|0.001 0.2261854595791868 -0.24429907425247754 -0.02619003240792006
533 1104 1000 1061 566 713 1336 738 100 743 188 1133 1456 574|0.001 -0.1271390441557929 0.1251439707332347 -0.08655601395428314
177 1260 943 1768 1305 1314 1951 1875 331 2362 1768 1016 1398 1346|0.001 -0.22615767155292343 0.15216796263900267 -0.05384123020004128
1000 533 1104 1336 1061 566 713 188 738 100 743 1414 1458 1456|0.001 0.09332415803852134 -0.19437096320004787 0.016770352860859816
646 674 1211 906 483 91 170 906 513 669 961 1551 1282 705|0.001 -0.022021714477505894 0.027448791825528396 0.07007350390690226
1061 188 1336 2069 1875 1384 1394 1875 1989 352 2505 1458 2125 1482|0.001 -0.015265577007684827 -0.089171218703743 -0.12588331285624532
1336 188 1061 1875 2069 1394 1384 1875 2505 352 1989 1077 2652 1618|0.001 0.13826785118981055 -0.15983834963353427 -0.030897902644132502
566 738 1061 1000 533 100 188 1104 713 743 1336 1456 1133 574|0.001 -0.03286173637195411 0.021696074995596337 0.0517954003516885
1104 533 1000 1061 1336 713 566 188 743 100 738 1133 1077 1712|0.001 0.1107372580182786 -0.06325780045748242 -0.12451105685392427
140 794 748 1549 1043 1036 1403 1875 263 1488 1403 1091 1211 1045|0.001 -0.23696973341724825 0.17139396308223587 -0.08523535348308853
483 906 906 1211 646 513 961 674 91 669 170 1282 1551 705|0.001 -0.13574700223293434 0.07349691658468771 0.09563621661150323
556 533 826 748 140 75 399 794 553 423 748 1281 1091 570|0.001 -0.12773877426350055 0.0817317750509372 0.0547876309483164
177 1260 943 2828 1414 1414 2828 1000 177 1260 943 1016 2236 1425|0.001 -0.09514809445066441 0.10670833699983673 -0.030745276491490614
1336 188 1061 3000 3000 1500 1500 1000 1336 188 1061 1077 3162 2507|0.001 0.16100719209904968 -0.1539947418186438 -0.01123426612355316
1061 188 1336 3000 3000 1500 1500 1000 1061 188 1336 1458 3162 2372|0.001 0.1065380233352875 -0.0788190219599727 0.0010720798069407955
140 794 748 2245 1123 1123 2245 1000 140 794 748 1091 1876 1131|0.001 -0.13392313626857777 0.13168500645698966 -0.07474859279098411
566 200 566 1600 1600 1600 1600 1000 566 200 566 721 1887 1697|0.001 0.20003641696021646 -0.18826648748506258 -0.05100305226951041
354 1000 1768 2828 2828 2828 2828 1000 354 1000 1768 1275 3000 2850|0.001 -0.21429025870841834 0.21960718885589037 -0.05819830775601331
566 200 566 1600 1600 1600 1600 1000 566 200 566 721 1887 1697|0.001 0.15664480863205155 -0.1399125823836278 -0.08732745356760052
354 1000 1768 2828 2828 2828 2828 1000 354 1000 1768 1275 3000 2850|0.001 -0.16574310252436164 0.18021389609829797 -0.08099552041403002
372 333 372 500 500 733 733 1000 372 333 372 687 1118 711|0.001 0.09606567255921572 -0.04789692344963847 -0.0897474794958586
896 1000 2689 1344 1972 1972 1344 1000 896 1000 2689 1847 1911 2166|0.001 -0.04365790126397484 0.0352304201062581 -0.3066562934805994
372 333 372 500 500 733 733 1000 372 333 372 687 1118 711|0.001 0.06633775036574807 -0.04514156295599703 -0.09171449165589429
896 1000 2689 1344 1972 1972 1344 1000 896 1000 2689 1847 1911 2166|0.001 0.012727721960830163 0.04273517442428654 0.006313624809248797
354 1000 1768 5303 5303 5303 5303 1000 354 1000 1768 1275 5397 5315|0.001 -0.11291575198930426 0.14041652911944702 -0.06563478073950191
566 200 566 3000 3000 3000 3000 1000 566 200 566 721 3162 3053|0.001 0.160993676598149 -0.1455209127570034 -0.08324402392709929
354 1000 1768 5303 5303 5303 5303 1000 354 1000 1768 1275 5397 5315|0.001 -0.19186822363449707 0.1992515991405841 -0.08381429420985076
566 200 566 3000 3000 3000 3000 1000 566 200 566 721 3162 3053|0.001 0.15845067780391187 -0.14266416369702606 -0.09543183433668223
1875 1000 1875 1875 2069 2069 1875 125 1875 125 1875 2125 1879 2792|0.001 -0.05664531406665341 -0.011593733226830105 0.22670379675088004
533 1000 533 1000 1000 1104 1104 1000 67 1000 67 1133 1414 1002|0.001 -0.22610426687123653 0.08953909910697888 -0.05027534243842391
533 1000 533 1104 1104 1000 1000 1000 67 1000 67 1133 1489 1133|0.001 -0.11123848178162477 0.09966867836874949 -0.13924574560310488
1875 1000 1875 2069 1875 1875 2069 125 1875 125 1875 2125 2125 2652|0.001 0.15363735008096846 -0.06575419902159707 -0.07870664979097275
896 1000 2689 875 467 467 875 694 179 694 1344 1847 1415 615|0.001 -0.16987022343462166 0.14716428697715944 0.03470177679399278
793 533 1143 3072 1536 205 1024 1000 793 533 1143 1616 2391 971|0.001 0.03444924131750016 -0.011640829132396613 0.03902901853446883
326 500 326 372 372 258 258 333 174 67 174 778 687 526|0.001 0.14117924133028703 -0.11414913440665253 -0.013656329066500383
467 694 875 2689 896 179 1344 1000 467 694 875 1415 1847 615|0.001 -0.08024718602108627 0.1488208777073985 0.015229047597717926
372 333 372 326 326 174 174 500 258 67 258 687 778 526|0.001 0.14750498883317142 -0.13843628598092295 -0.056166130829270466
1536 1000 3072 1143 793 793 1143 533 205 533 1024 2391 1616 971|0.001 -0.08365651920259287 0.12282904098652958 -0.018795888666627292
566 1000 566 1000 1000 738 738 1000 71 1000 71 1149 1414 1051|0.001 -0.10678967747875578 0.036570671140243594 0.03657965528474971
1768 1000 1768 1768 1305 1305 1768 125 1768 125 1768 2031 1858 2197|0.001 0.06751042885558611 -0.09148062636864962 0.007022498166642244
1768 1000 1768 1305 1768 1768 1305 125 1768 125 1768 2031 1275 2500|0.001 0.055576979908620316 -0.05128956692701081 -0.13303798876991957
566 1000 566 738 738 1000 1000 1000 71 1000 71 1149 1243 721|0.001 -0.026612474127142294 0.15631491132189756 -0.20630868675377445
896 1000 2689 179 807 807 179 1000 896 1000 2689 1847 1070 1206|0.001 -0.10168364699153942 0.12373535342260933 -0.7523215623271351
372 333 372 67 67 300 300 1000 372 333 372 687 1002 398|0.001 0.1713294431259138 -0.13904430419228508 -0.5082208806844934
896 1000 2689 179 807 807 179 1000 896 1000 2689 1847 1070 1206|0.001 -0.1618832904847145 0.19154937845460296 -0.6386233697887511
372 333 372 67 67 300 300 1000 372 333 372 687 1002 398|0.001 0.010663353160726974 0.02227568029952609 -0.5475526537433784
896 1000 2689 662 662 662 662 1000 896 1000 2689 1847 1127 1114|0.001 -0.12655272506505222 0.12914977394742788 0.02787938452145866
372 333 372 246 246 246 246 1000 372 333 372 687 1030 471|0.001 0.17503364464995785 -0.16849912014218815 -0.058559034363856455
896 1000 2689 662 662 662 662 1000 896 1000 2689 1847 1267 1114|0.001 -0.12875565977030434 0.11320872096703072 0.03237496540984486
372 333 372 246 246 246 246 1000 372 333 372 687 1030 419|0.001 0.08010385328653058 -0.13517676333952733 -0.00029414075328415556
1000 1000 1000 3000 1600 200 1600 1720 1720 1720 1720 1414 1887 1020|0.001 -0.04070688895203123 -0.10838225889206354 0.12842786223363767
573 533 333 333 573 573 333 533 573 67 333 629 629 1046|0.001 0.1858053291612105 -0.22631801152831255 -0.04837385653098547
1600 1720 3000 1000 1000 1720 1720 1000 200 1720 1600 1887 1414 1020|0.001 -0.23302542903693602 0.19944153913610485 -0.024589831933105044
333 533 573 573 333 333 573 533 333 67 573 1054 1054 471|0.001 0.12969607915139347 -0.11012754742121267 -0.009298358325425804
930 581 1744 1000 1000 581 581 1000 116 581 930 1838 1823 1097|0.001 -0.16064448041343105 0.16887658121938154 -0.048608620377584844
1000 1000 1000 1744 930 116 930 581 581 581 581 1823 1838 1097|0.001 0.052666880879204125 -0.0070071679672067955 0.06946424201699886
625 1000 625 625 1075 1075 625 125 625 125 625 1179 637 1244|0.001 0.059747133176355494 -0.11843605642164357 0.06741654839950151
1600 1000 1600 1000 1000 1720 1720 1000 200 1000 200 1887 1414 1020|0.001 -0.005342496325271284 0.06483779598222883 0.015586988963249837
1600 1000 1600 1720 1720 1000 1000 1000 200 1000 200 1887 1990 1887|0.001 -0.10114414588276 -0.048881279023382795 0.20223688305869292
625 1000 625 1075 625 625 1075 125 625 125 625 1179 1179 884|0.001 0.06731926748078987 -0.11031778146311066 -0.06223065526245297
581 1000 1744 581 581 581 581 1000 581 1000 1744 1419 1157 822|0.001 -0.08406838493165925 0.051336559232313395 -0.13625389923046627
573 333 573 333 333 333 333 1000 573 333 573 814 1054 663|0.001 0.1752886664775266 -0.13836556492707652 -0.08548927642633042
581 1000 1744 581 581 581 581 1000 581 1000 1744 1419 1157 822|0.001 -0.12050671646171462 0.0991392253152501 -0.13596629073178934
573 333 573 333 333 333 333 1000 573 333 573 814 1054 663|0.001 0.017247525826105115 0.01942283357611929 -0.07151372744839568
581 1000 1744 1000 1000 1000 1000 1000 581 1000 1744 1419 1823 1157|0.001 0.0160297221693928 0.032202836460888395 0.10670445830892161
573 333 573 573 573 573 573 1000 573 333 573 814 1153 471|0.001 0.01993874353155789 0.024404555767267855 0.01128899522262694
581 1000 1744 1000 1000 1000 1000 1000 581 1000 1744 1419 822 1157|0.001 -0.11349599396864196 0.11713118569481429 -0.014440085516529422
573 333 573 573 573 573 573 1000 573 333 573 814 1153 1046|0.001 0.011020174938589644 -0.0033442899452718056 -0.0030856769773057735
581 1000 1744 1000 881 745 581 533 310 533 930 1419 1338 1099|0.001 -0.00010750853364771551 0.08120259143459929 -0.10770579794853297
573 333 573 333 573 505 427 533 306 178 306 814 629 767|0.001 0.06908551287919673 -0.016741363122350084 -0.06310839286528869
906 1000 2719 906 906 906 906 1000 906 1000 2719 1861 1350 1282|0.001 0.0172513840750943 0.02624784998133345 0.10324797600124613
368 333 368 333 333 333 333 1000 368 333 368 685 1054 496|0.001 0.13838031762574143 -0.09876456521290322 0.06297582524617207
906 1000 2719 906 906 906 906 1000 906 1000 2719 1861 1350 1282|0.001 -0.056200030789763655 0.08712313927482285 -0.12100094219230084
368 333 368 333 333 333 333 1000 368 333 368 685 1054 496|0.001 0.09757239773193094 -0.141423438945244 0.021348124730806717
573 333 573 573 333 156 268 533 600 116 506 814 1054 594|0.001 0.1431549633806961 -0.15639252800148107 -0.06646910095073455
930 581 1744 1000 883 1047 1000 467 201 271 581 1838 1288 938|0.001 -0.03743500414825518 0.10360395985506976 -0.15016833921618122
581 1000 1744 581 271 467 1000 1047 201 883 930 1419 1036 338|0.001 -0.05193387609394806 0.05460260579993381 -0.045760037703194145
573 533 333 573 573 506 600 333 268 116 156 629 814 739|0.001 0.09051165319527099 -0.023718447972251866 -0.10403829442663604
581 1000 1744 581 789 883 1000 467 387 467 930 1419 745 730|0.001 0.020378301838290813 0.09148771093451247 -0.23735705150572772
573 333 573 573 333 452 506 533 268 222 268 814 1054 427|0.001 0.08225941192527397 -0.010547945828214278 -0.16351185012674962
1034 592 722 625 625 42 42 1000 1034 592 722 564 1179 1046|0.001 -0.1279216199824007 0.18188603386571245 -0.046927590157845867
1600 1000 1600 1154 1154 1654 1654 67 947 67 947 1887 1183 903|0.001 0.08378038707655078 -0.018278197202287183 -0.0758640107954589
572 698 967 605 40 40 605 1000 572 698 967 1515 1012 574|0.001 0.15982295438132788 -0.12740810719723994 -0.03599661161810652
625 1000 625 1034 722 722 1034 592 42 592 42 1179 1567 739|0.001 -0.08751144104360509 0.06172079045853929 -0.02572287239953286
1600 1000 1600 1654 1654 1154 1154 67 947 67 947 1887 1674 2506|0.001 0.08634015330113431 -0.09988265443081401 -0.04019502886385973
722 592 1034 625 625 42 42 1000 722 592 1034 1567 1179 739|0.001 0.003678166444043285 0.024212260203075875 0.019661509728261528
820 1433 1386 866 58 58 866 1000 820 1433 1386 782 1025 822|0.001 -0.03176446484937867 0.12716365155956977 0.0489340056255716
625 1000 625 722 1034 1034 722 592 42 592 42 1179 564 1046|0.001 -0.04982108466350388 0.08624799801169925 -0.03305222111721906
573 333 573 573 739 345 268 533 391 116 506 814 783 859|0.001 0.16851902300754507 -0.23577694157110862 0.06739410761665843
930 1289 1744 1000 883 681 1000 467 201 602 581 1366 1288 1027|0.001 0.0027944745336005994 0.07525715727729088 -0.09620240206704933
581 1000 1744 1289 602 467 1000 681 201 883 930 1419 1498 745|0.001 -0.10582981917419687 0.1095021126771778 -0.09420334237659644
573 533 739 573 573 506 391 333 268 116 345 1153 814 739|0.001 0.126745246145461 -0.11830329135346318 -0.08119302979317622
451 1000 1353 776 528 429 451 467 301 467 721 1269 1162 777|0.001 0.08217654606038849 0.04296688613844468 -0.16267691906527992
739 333 739 333 573 391 317 533 345 222 345 938 629 859|0.001 0.09238571233890047 -0.0316690158330335 -0.01268364069451522
255 701 1179 737 491 491 737 1120 255 863 1179 1201 925 554|0.001 -0.06902574579428222 0.07201030015414833 -0.08812549551759918
732 217 950 625 625 417 417 1000 595 217 848 1104 1179 1078|0.001 0.14181392889754507 -0.1498175390707901 -0.08037765073495962
296 1297 1366 853 569 569 853 812 296 1158 1366 1102 1472 641|0.001 -0.18430417853265713 0.156172881708454 -0.03488521054188842
848 217 595 625 625 417 417 1000 950 217 732 685 1179 784|0.001 0.19285647137851747 -0.22083242347128773 0.03316640873459953
451 1000 1353 451 429 528 776 467 301 467 721 1269 829 361|0.001 -0.059986792679840306 0.05602150437575171 0.025510922953200232
739 333 739 573 333 317 391 533 345 222 345 938 1054 613|0.001 0.11586963933059691 -0.08204785290673366 0.002284083845942586
573 333 573 739 573 268 345 533 506 116 391 814 1153 739|0.001 0.1348145879607321 -0.17876715942753751 -0.024467589014700586
721 776 1353 776 528 685 776 467 156 362 451 1559 1162 582|0.001 0.05897669011961426 0.10182089218828239 -0.169150163501397
581 1000 1744 1000 467 602 1289 883 201 681 930 1419 1288 508|0.001 -0.15486892798567187 0.13424054720689638 -0.002637483701504184
739 533 573 573 573 391 506 333 345 116 268 783 814 859|0.001 0.13111354677642462 -0.031047495565479366 -0.22365067875020017
581 1000 1744 1000 883 789 581 467 387 467 930 1419 1288 1149|0.001 -0.08382184896979061 0.05275917030089117 0.08239009102168904
573 333 573 333 573 506 452 533 268 222 268 814 629 739|0.001 0.07366350855187331 -0.034445857511272715 -0.02817901721911764
364 1426 1681 1051 700 700 1051 1231 364 1596 1681 1152 840 789|0.001 -0.23990655931561577 0.21429667675067376 0.06617350255066823
950 217 732 625 625 417 417 1000 848 217 595 807 1179 1236|0.001 0.143017291409957 -0.15486653674548378 -0.05902576456212283
228 771 1053 658 439 439 658 893 228 626 1053 1163 1301 495|0.001 -0.0877002571220431 0.1089835925603233 -0.02510681050013175
595 217 848 625 625 417 417 1000 732 217 950 1018 1179 500|0.001 0.05581921483955421 -0.05758623665517826 -0.1584856960645009
581 1000 1744 581 745 881 1000 533 310 533 930 1419 789 695|0.001 0.0003986965058344616 0.11587281914710923 -0.21953434820926376
573 333 573 573 333 427 505 533 306 178 306 814 1054 452|0.001 0.12511924486292791 -0.0414781464957914 -0.18197309461356337
573 333 573 333 573 268 156 533 506 116 600 814 629 739|0.001 0.08906207479747907 -0.14715646550917616 0.11584059063627139
1600 1720 3000 1720 1801 1519 1720 467 347 803 1000 1887 1783 2014|0.001 -0.08751544462888838 0.12991130693682074 -0.012456370237841075
581 1000 1744 1000 467 271 581 883 201 1047 930 1419 1288 641|0.001 -0.23452841020147996 0.1398230184310334 0.08892471471878993
333 533 573 573 573 600 506 333 156 116 268 1054 814 594|0.001 0.1313053313545054 -0.0875508171206596 -0.14609170754365075
255 701 1179 1179 698 698 1179 1327 255 1120 1179 1201 848 743|0.001 -0.17558378165108413 0.15497755130756685 -0.08400308516519073
950 217 1126 1000 1000 592 592 1000 595 217 848 1259 1414 1512|0.001 0.1989195734195115 -0.1963166841070596 -0.0048109543565166835
228 1185 1053 1053 623 623 1053 626 228 893 1053 1062 1593 664|0.001 -0.15187685819622931 0.13577075625618384 -0.08290035614998303
848 217 595 1000 1000 592 592 1000 1126 217 950 685 1414 719|0.001 0.1925588810558687 -0.20256501015956663 0.08187298114519459
1000 1000 1000 1000 533 67 533 1104 1104 1104 1104 1414 1133 1002|0.001 -0.0519840120169246 0.062142321239713194 0.015682328894166542
1104 533 1000 1000 1104 1104 1000 533 1104 67 1000 1133 1133 1694|0.001 0.16338256079165392 -0.1485330206517521 -0.06324692426485812
533 1104 1000 1000 1000 1104 1104 1000 67 1104 533 1133 1414 1002|0.001 -0.1221204234373019 0.14437334852684724 -0.08234867505667487
1000 533 1104 1104 1000 1000 1104 533 1000 67 1104 1414 1414 1414|0.001 0.16897032273563983 -0.20421482955146897 0.0037757633728019435
483 906 906 1000 1000 906 906 1000 60 906 483 1282 1535 1027|0.001 -0.16599137134061137 0.14203524854572658 0.03233802660300267
1000 1000 1000 906 483 60 483 906 906 906 906 1535 1282 1027|0.001 0.13538489493064354 -0.037802069612410394 0.03877370918658807
625 1000 625 647 502 502 647 592 42 592 42 1179 1119 527|0.001 -0.10062122601923074 0.12237310624237718 -0.00018645502362746313
915 776 1546 966 64 64 966 1000 915 776 1546 1729 1031 917|0.001 0.11432927259464876 -0.11824249691947286 -0.005006657684453186
1600 1000 1600 803 803 1035 1035 67 947 67 947 1887 843 1241|0.001 -0.0439171269854266 -0.08583836814519685 0.15436293325963968
647 592 502 625 625 42 42 1000 647 592 502 776 1179 667|0.001 0.03773998152696967 -0.03853442188796685 0.04009601719771494
625 1000 625 502 647 647 502 592 42 592 42 1179 776 667|0.001 -0.007695270167725754 0.10714175704757523 -0.09159561165695385
1179 1289 1993 1246 83 83 1246 1000 1179 1289 1993 1546 1050 1182|0.001 -0.00947031897137629 0.03273160240558237 0.029779608283895254
1600 1000 1600 1035 1035 803 803 67 947 67 947 1887 1067 1790|0.001 0.10979687270264771 0.0017433022738511106 -0.08628804613231345
502 592 647 625 625 42 42 1000 502 592 647 1119 1179 527|0.001 -0.02663647091605048 0.12464396532344102 -0.02005042188832462
573 333 573 573 573 268 268 333 551 22 551 814 814 710|0.001 0.15337998269783437 -0.13850163185387454 -0.0669555424622581
467 961 1000 1744 581 39 581 1000 467 961 1000 1238 1419 490|0.001 -0.04199147655606139 0.00410355149304209 0.08013390241249585
581 1000 1744 1000 467 467 1000 961 39 961 581 1419 1238 490|0.001 -0.2565343246433094 0.18205771716613306 0.04003244422527752
961 467 1000 1744 581 39 581 1000 961 467 1000 1238 1419 973|0.001 -0.09004910963408053 0.060202018069717145 0.08500320792854676
73 1000 1781 291 155 155 291 1079 292 1079 2192 1063 926 213|0.05 -0.17706506193603477 0.20583168031680588 0.012118171124360089
561 41 561 163 163 87 87 1231 606 164 606 597 1121 520|0.05 0.259810572952377 -0.2298220460067435 0.018168725276583864
271 1000 2032 3048 1625 1625 3048 1739 271 1739 2032 1245 1908 1648|0.05 -0.22501309175696593 0.21658552167659773 0.022010794916982324
856 133 856 1500 1500 800 800 1000 492 133 492 930 1803 1579|0.05 0.22207804031304956 -0.22787121426763424 0.04218916701026476
156 1000 1169 1753 935 935 1753 575 156 575 1169 1087 1845 948|0.05 -0.22892663710318173 0.21573332413777901 -0.02785679983828282
492 133 492 1500 1500 800 800 1000 856 133 856 613 1803 939|0.05 0.1700067083249479 -0.1500335594197577 -0.05487650230155294
566 200 566 566 566 521 521 200 106 50 106 721 721 625|0.05 0.1486832306764807 -0.0310862709971238 -0.12129292306834238
354 1000 1768 1000 921 921 1000 187 88 187 354 1275 1106 938|0.05 -0.038448264475200444 0.14935499224948856 -0.11320823820646253
230 604 1225 943 696 679 770 533 122 322 653 1195 1373 734|0.05 -0.10117091295209324 0.15888610728167052 -0.0657835344633273
816 188 493 629 770 568 554 533 435 100 263 577 839 1121|0.05 0.17705996990852402 -0.12601519445755605 -0.06623475648697585
734 1366 2754 785 418 637 1195 881 153 948 1664 1646 1258 476|0.05 -0.23087452694087074 0.20686807716079558 0.02909197641886463
363 267 496 434 285 152 231 604 320 56 344 744 978 457|0.05 0.18561905725841932 -0.19456260543546988 -0.025784259390623232
493 188 816 770 629 554 568 533 263 100 435 976 1162 791|0.05 0.18443760969866663 -0.14067741666437983 -0.05715637938107365
380 1655 2027 1275 1123 1152 1560 533 203 882 1081 1170 1604 1125|0.05 -0.13317869642086477 0.18072078712652262 -0.061470639192592325
492 133 492 2000 2000 2000 2000 1000 492 133 492 613 2236 2060|0.05 0.23074474663842937 -0.2117978217997396 -0.06896336065964181
271 1000 2032 4064 4064 4064 4064 1000 271 1000 2032 1245 4185 4073|0.05 -0.2144429815524962 0.2328327495496274 -0.06977960754033785
492 133 492 2000 2000 2000 2000 1000 492 133 492 613 2236 2060|0.05 0.23236093726604956 -0.21413483034151914 -0.07059323730945866
271 1000 2032 4064 4064 4064 4064 1000 271 1000 2032 1245 4185 4073|0.05 -0.2162812042088047 0.23415198205729792 -0.06870693866530053
245 1000 1836 2754 1469 1469 2754 1937 245 1937 1836 1204 1378 1489|0.05 -0.17697461511140267 0.18958878217636865 0.06288336315767973
1055 133 1055 1500 1500 800 800 1000 545 133 545 1117 1803 1802|0.05 0.23649506839985124 -0.22323571109719942 0.033830849568365906
126 1000 948 1422 758 758 1422 516 126 516 948 1058 1708 769|0.05 -0.17112859798229407 0.19020354224914549 0.045276126383360094
545 133 545 1500 1500 800 800 1000 1055 133 1055 656 1803 751|0.05 0.16919806759875478 -0.16704016513209075 -0.030071356702854324
174 1075 1888 338 180 147 276 1025 278 1025 2083 1145 1001 228|0.05 -0.1608110475233393 0.17410608523831694 -0.014821671349707355
530 92 570 146 179 96 78 1103 543 147 543 649 1113 530|0.05 0.15736942166394208 -0.12683192346725103 0.008524375545087004
188 921 1000 943 696 730 1052 533 100 491 533 1106 1373 669|0.05 -0.14467373058927313 0.18475402600388824 -0.04915396566454566
1000 188 921 1052 943 696 730 533 533 100 491 1000 1374 1373|0.05 0.16382653208351305 -0.10382476571441313 -0.08044866653689753
921 188 1000 943 696 645 696 533 491 100 533 1106 1373 1007|0.05 0.19544978288846826 -0.14915261201179475 -0.06681765446072352
204 1086 1086 756 701 756 1024 533 109 579 579 1086 1094 649|0.05 -0.11436768591842283 0.17966405906157945 -0.0974730214167352
188 921 1000 943 696 645 696 533 100 491 533 1106 1373 762|0.05 -0.12732037094013715 0.17336812900902165 -0.0512717421194786
1000 188 921 696 943 696 645 533 533 100 491 1000 745 1373|0.05 0.17702941640013625 -0.12142653332831155 -0.07438605477868232
561 41 561 801 801 427 427 1231 606 164 606 597 1368 774|0.05 0.21696496350470662 -0.20915326859411998 -0.03137021743420787
73 1000 1781 1427 761 761 1427 1079 292 1079 2192 1063 1378 775|0.05 -0.22516427647005788 0.2586347188851468 0.0580653281684862
245 1000 1836 1836 979 979 1836 1571 245 1571 1836 1204 1058 1009|0.05 -0.23747536607001907 0.2351338903340916 0.035938604549612396
856 133 856 1000 1000 533 533 1000 545 133 545 930 1414 1328|0.05 0.18081615683894103 -0.1838732662386311 -0.040694666558549475
156 1000 1169 1169 623 623 1169 637 156 637 1169 1087 1552 642|0.05 -0.26945540951313185 0.2524876050846214 0.051105871876406805
545 133 545 1000 1000 533 533 1000 856 133 856 656 1414 576|0.05 0.16932574286272928 -0.15591184451386741 -0.022042508328176114
693 200 693 566 566 342 342 200 130 50 130 825 721 676|0.05 0.1490080700523433 -0.03278616469317153 -0.11744629924966166
289 1000 1443 816 493 493 816 188 72 188 289 1190 976 514|0.05 -0.03896453386949217 0.14555854779955357 -0.10531470537512577
69 1000 1692 338 180 180 338 1025 278 1025 2083 1057 1001 228|0.05 -0.12626089036192778 0.1624143350363627 -0.00691826145960972
591 41 591 200 200 107 107 1231 606 164 606 625 1127 592|0.05 0.1897827714867506 -0.1717183683456358 -0.021622566926821074
591 41 591 526 526 281 281 1231 670 164 670 625 1228 618|0.05 0.1575893070230916 -0.13174084241709072 -0.0459728666321324
69 1000 1692 890 475 475 890 1135 278 1135 2083 1057 1046 495|0.05 -0.14268440048494369 0.17186207917621932 -0.02092211210962036
921 188 1000 943 1052 730 696 533 491 100 533 1106 1083 1488|0.05 0.18436983806876972 -0.13475234777699963 -0.06933464621589835
204 1086 1086 1143 793 756 1024 533 109 579 579 1086 1616 846|0.05 -0.09249848240341696 0.16517134156306845 -0.10596078201247194
161 930 1756 257 137 168 315 953 258 953 1937 1139 1067 292|0.05 -0.20346918812600756 0.20167008501913886 -0.015000717850665035
570 92 530 179 146 78 96 1103 543 147 543 607 1011 608|0.05 0.1341244925320595 -0.09631339115136917 0.012707634198454443
538 732 2016 875 467 306 574 694 112 645 1218 1501 1415 557|0.05 -0.11615452949136129 0.12980957651919978 -0.02018597955765422
496 267 363 285 434 231 152 604 344 56 320 598 722 701|0.05 0.17830039855102342 -0.18326942086136944 -0.005977035120122709
1336 188 1061 1000 1104 743 738 533 713 100 566 1077 1133 1712|0.05 0.1744945489406935 -0.11048021637875993 -0.08932158017212255
140 794 748 826 556 553 748 533 75 423 399 1091 1281 570|0.05 -0.14130402250110086 0.18856653649165667 -0.06574064380137967
492 133 492 125 125 67 67 1000 496 133 496 613 1008 497|0.05 0.147527846022939 -0.13164997025019054 -0.006252022340745844
271 1000 2032 254 135 135 254 1007 271 1007 2032 1245 1009 303|0.05 -0.10035079415891879 0.11432061192419019 -0.11637480074885298
269 1000 2018 252 135 135 252 993 269 993 2018 1242 1025 301|0.05 -0.11791472818878157 0.1457905415893257 0.0010702808612950143
496 133 496 125 125 67 67 1000 492 133 492 616 1008 508|0.05 0.18126818219508456 -0.1617765469644561 -0.0014439867520188443
177 1260 943 943 696 701 1040 533 94 672 503 1016 1373 702|0.05 -0.12120594850604238 0.18252129027998 -0.09558312434444716
1061 188 1336 1104 1000 738 743 533 566 100 713 1458 1414 1456|0.05 0.164899730538135 -0.11127230243356379 -0.06461819456904161
271 1000 2032 4064 2167 2167 4064 2144 271 2144 2032 1245 2387 2184|0.05 -0.2278417733292104 0.21177434815606855 0.0008953297191061083
1055 133 1055 2000 2000 1067 1067 1000 492 133 492 1117 2236 2060|0.05 0.21074251134355348 -0.21994682826432244 0.02353983932843695
126 1000 948 1895 1011 1011 1895 466 126 466 948 1058 1952 1019|0.05 -0.19094356194972906 0.20611999228052014 -0.003292995018425726
492 133 492 2000 2000 1067 1067 1000 1055 133 1055 613 2236 1175|0.05 0.24500963374021634 -0.26139896932026785 0.03227881776187491
492 133 492 133 133 71 71 1000 516 133 516 613 1009 473|0.05 0.21728714833506801 -0.20974205321887984 -0.008060389168171866
271 1000 2032 269 144 144 269 1049 271 1049 2032 1245 961 307|0.05 -0.18894729393926224 0.20490820966998724 -0.016067515301524393
258 1000 1937 257 137 137 257 953 258 953 1937 1225 1067 292|0.05 -0.13288655983713982 0.16255132572694286 0.038196713537985705
516 133 516 133 133 71 71 1000 492 133 492 632 1009 551|0.05 0.18199763638151678 -0.1963436607102298 -0.03947393001960897
179 1000 807 896 2689 2689 896 1000 179 1000 807 1070 1847 2695|0.05 -0.07582334220062714 0.12766333677634467 -0.19534302339491383
1240 222 1240 1111 1111 3333 3333 1000 1240 222 1240 1326 1495 2289|0.05 0.13521138299112279 -0.11460126510202895 -0.45670071636447096
179 1000 807 896 2689 2689 896 1000 179 1000 807 1070 1847 2695|0.05 -0.07760839636192451 0.1131108620215504 -0.23187153146580264
1240 222 1240 1111 1111 3333 3333 1000 1240 222 1240 1326 1495 2289|0.05 0.14884723468186367 -0.14850702109295733 -0.46833888208674623
545 133 545 1000 1000 1467 1467 1000 545 133 545 656 1414 1328|0.1 0.2351603072180608 -0.22828414811888686 -0.14116708945427492
245 1000 1836 1836 2693 2693 1836 1000 245 1000 1836 1204 2438 2704|0.1 -0.08555620861770197 0.13186418191342142 -0.027374761310283713
545 133 545 1000 1000 1467 1467 1000 545 133 545 656 1414 1328|0.1 0.17635510460984216 -0.15444572862986727 -0.13145077467538457
245 1000 1836 1836 2693 2693 1836 1000 245 1000 1836 1204 2438 2704|0.1 -0.19258973104410715 0.21204359835995668 -0.15254564578177088
71 1116 566 1000 1000 900 200 1000 71 1116 566 1002 1414 951|0.1 -0.1957749926142327 0.21517235651784317 -0.1474265591024082
1972 125 1768 1768 354 1591 1768 1000 1972 125 1768 1772 1275 2110|0.1 0.18857022501549858 -0.1602371510490863 -0.10127101814406902
1768 125 1972 354 1768 1768 1591 1000 1768 125 1972 2031 1275 2500|0.1 0.2341216280964198 -0.2166090116629671 -0.03512214551702808
63 896 507 179 807 896 896 1000 63 896 507 1030 1070 853|0.1 -0.1323408723227737 0.1645364464764243 -0.15408506961885338
87 817 693 1000 1000 900 200 1000 87 817 693 1052 1414 953|0.1 -0.12693729072231208 0.16113878675519278 -0.14124055518668466
1179 125 1443 1443 289 1299 1443 1000 1179 125 1443 1519 1190 1329|0.1 0.2517743583688037 -0.25111797636125366 -0.14748018738560909
1443 125 1179 289 1443 1443 1299 1000 1443 125 1179 1190 1190 2041|0.1 0.219047000481023 -0.20921804281471612 0.07760554608521097
106 1224 848 245 1102 1224 1224 1000 106 1224 848 1009 1127 1166|0.1 -0.16198939990535233 0.18934200631993248 0.07666731211383837
492 133 492 162 133 71 87 906 516 83 480 613 1009 473|0.1 0.21315093391420348 -0.21042402158522155 -0.018465819094400926
271 1000 2032 269 144 176 330 1049 169 975 1841 1245 961 222|0.1 -0.06917616469390264 0.10990545469117485 -0.019067716102538768
492 133 492 1500 1500 1733 1733 1000 545 133 545 613 1803 1802|0.1 0.20417738290746223 -0.22287347164185345 -0.14507198838969781
271 1000 2032 3048 3522 3522 3048 1107 271 1107 2032 1245 3661 3532|0.1 -0.18981657507729732 0.19822038332296898 0.0008290345491213102
545 133 545 1500 1500 1733 1733 1000 492 133 492 656 1803 1579|0.1 0.15410108885668183 -0.1408101408366258 -0.06971691642505329
245 1000 1836 2754 3182 3182 2754 904 245 904 1836 1204 2898 3192|0.1 -0.11403550652141714 0.15655113788429764 -0.022680591051201793
1179 125 1443 1443 866 1371 1443 816 1066 102 1443 1519 1658 1373|0.1 0.174178733118604 -0.15253892809016123 -0.10997642893179504
71 738 566 1000 1000 950 600 1000 87 817 693 1051 1414 953|0.1 -0.2308981644704744 0.24122073699289315 -0.11188109930680312
106 1224 848 734 1163 1224 1224 904 87 1224 692 1009 1164 1166|0.1 -0.14511973137659284 0.17145371848787727 -0.13435745612937144
1768 125 1305 1061 1768 1768 1679 1225 1768 153 1444 1275 2031 2500|0.1 0.1232541737733528 -0.07890561164110244 -0.10375803510300208
87 817 693 1000 1000 950 600 1000 71 738 566 1052 1414 1002|0.1 -0.20975610321227411 0.2270480896718663 -0.11168142891572863
1305 125 1768 1768 1061 1679 1768 1225 1444 153 1768 1858 1458 2127|0.1 0.19841379125554948 -0.19714824759057503 -0.15190169505539308
1443 125 1179 866 1443 1443 1371 816 1443 102 1066 1190 1190 2041|0.1 0.15613904340995965 -0.11616267643237421 -0.040848557684041165
96 1355 766 813 1287 1355 1355 1107 117 1355 938 977 1630 1358|0.1 -0.09864348703776726 0.1357104130260356 0.008260881733850312
492 133 492 133 162 87 71 906 480 83 516 613 916 519|0.1 0.2263290259964612 -0.25754823838710306 -0.002607891465521428
271 1000 2032 330 176 144 269 975 169 1049 1841 1245 1055 307|0.1 -0.19784467603031541 0.19913626691354214 -0.02302843204206817
67 1104 533 1000 1000 1000 1000 1000 67 1104 533 1002 1414 1002|0.1 -0.12172220077174112 0.13001407175565305 -0.1867231625260657
2069 125 1875 1875 1875 1875 1875 1000 2069 125 1875 1879 2125 2792|0.1 0.18621472188832477 -0.17180609034247785 -0.04267636924538354
1875 125 2069 1875 1875 1875 1875 1000 1875 125 2069 2125 2125 2652|0.1 0.1986468831689958 -0.17923645206177286 -0.044626060720620586
60 906 483 906 906 906 906 1000 60 906 483 1027 1350 908|0.1 -0.05210130982678751 0.0944507715959686 -0.034548280196985415
1305 125 1768 1768 1768 1768 1768 1000 1305 125 1768 1858 2031 2197|0.1 0.15955532299366748 -0.15595454201461356 -0.15016686906658805
71 738 566 1000 1000 1000 1000 1000 71 738 566 1051 1414 1002|0.1 -0.11771026766971948 0.13017202996680188 -0.18024121196009268
96 1355 766 1355 1355 1355 1355 1000 96 1355 766 977 1684 1358|0.1 -0.04613189756860869 0.09115613158314106 -0.04918149820687723
1768 125 1305 1768 1768 1768 1768 1000 1768 125 1305 1275 2031 2500|0.1 0.13374215896012176 -0.08846052544818184 -0.05255654200191695
200 1720 1600 1000 1000 1000 1000 1000 200 1720 1600 1020 1414 1020|0.1 -0.09259541869258703 0.1213159590510493 -0.1957760913837392
1075 125 625 625 625 625 625 1000 1075 125 625 637 1179 1244|0.1 0.11231567340341586 -0.07917042983787703 -0.054844216398934886
625 125 1075 625 625 625 625 1000 625 125 1075 1179 1179 884|0.1 0.1661684130813601 -0.16409278649034187 -0.11797905576755308
116 581 930 581 581 581 581 1000 116 581 930 1097 1157 593|0.1 -0.1838487642335107 0.19510044815185923 -0.006661453441744181
581 1000 1744 1000 961 961 1000 467 39 467 581 1419 1238 973|0.1 -0.06985176145052452 0.12539236687106436 -0.012605654673127908
573 333 573 573 573 551 551 333 268 22 268 814 814 710|0.1 0.1806712739654892 -0.16102535623580105 -0.04748274387006979
492 133 492 133 133 71 71 812 456 33 456 613 911 539|0.15 0.11096692663003838 -0.08254020572734388 -0.15057055662592966
271 1000 2032 269 144 144 269 927 68 927 1651 1245 1095 197|0.15 -0.0998326629641677 0.13089551137091648 -0.10667773636155342
271 1000 2032 1323 705 705 1323 927 68 927 1651 1245 1447 718|0.15 -0.1996592798709984 0.18439189302915882 -0.015655072887160726
492 133 492 651 651 347 347 812 456 33 456 613 1112 712|0.15 0.14015102111223587 -0.11637093980348956 0.00458474237723383
492 133 492 162 162 87 87 812 480 33 480 613 916 519|0.15 0.1348503600634876 -0.10697365837549766 -0.045360965924479135
271 1000 2032 330 176 176 330 975 68 975 1651 1245 1055 222|0.15 -0.21797030275252038 0.19920552741074848 0.020369124473500477
245 1000 1836 785 418 418 785 881 61 881 1492 1204 1258 436|0.15 -0.02771252550882619 0.07625724745238482 0.030656419980361616
545 133 545 427 427 228 228 812 480 33 480 656 998 685|0.15 0.21651771735008873 -0.2506775528236571 0.03997704547161751
58 1000 866 1386 820 820 1386 1433 58 1433 866 1025 782 822|0.15 -0.17537888363667986 0.19888083969411108 0.03286995006440252
1654 67 1654 1600 1600 947 947 1000 1154 67 1154 1674 1887 2506|0.15 0.1649573304025953 -0.14414808271590696 0.08143787136999148
40 1000 605 967 572 572 967 698 40 698 605 1012 1515 574|0.15 -0.09061139641079907 0.13519915318909836 0.01942596265206875
1154 67 1154 1600 1600 947 947 1000 1654 67 1654 1183 1887 903|0.15 0.20844817045309494 -0.2099042683508523 -0.03637325376326883
1035 67 1035 1600 1600 947 947 1000 803 67 803 1067 1887 1790|0.15 0.1582859248768398 -0.13868810225654005 -0.07725556880183504
83 1000 1246 1993 1179 1179 1993 1289 83 1289 1246 1050 1546 1182|0.15 -0.17314478387699617 0.16294000431536393 -0.11580075222817232
803 67 803 1600 1600 947 947 1000 1035 67 1035 843 1887 1241|0.15 0.16958302803847802 -0.14524594763973608 -0.022937847003011713
64 1000 966 1546 915 915 1546 776 64 776 966 1031 1729 917|0.15 -0.08381426068429843 0.11626812900824346 0.035220297900655506