1805 904 1377 1875 2432 2775 2561 1875 5967 1694 5164 1647 3246 4387|0.001 0.00010283224370244426 0.04232215118875393 -0.03182331620796508
1875 1875 2432 1805 1377 5164 5967 904 2561 1694 2775 1627 2019 3844|0.001 0.0001596126495040373 -0.05634717436224901 0.0661156795252249
1524 1107 1998 3071 2834 2075 2692 1875 5715 2075 6604 1823 2882 3415|0.001 0.0001928458058042537 0.05122643582182951 -0.04977744328908629
3071 1875 2834 1524 1998 6604 5715 1107 2692 2075 2075 3592 2234 4415|0.001 -8.393192733047172e-05 -0.06483571130041055 0.07100942371456531
3315 1225 2607 4007 3658 3658 3513 1875 9944 2296 8618 3462 3492 6807|0.001 -2.445001580975159e-05 0.07846795130355133 -0.07426297248404712
2987 1875 2868 2129 2706 8119 7036 816 2987 1531 3272 3404 2280 5558|0.001 0.00021060231938374585 0.012636817505136122 0.020689825033424203
291 1079 155 73 1781 2192 292 1000 291 1079 155 1182 1063 1997|0.001 0.00018144476552794941 -0.03715390170810906 0.050593566743244445
1781 1000 73 155 291 291 155 1079 2192 1079 292 1063 1182 1997|0.001 7.87440689120622e-05 0.03901554773125149 -0.052613319889096566
577 1333 471 167 167 833 833 1000 577 1333 471 1414 1014 687|0.001 -4.069011381946375e-05 -0.06721977632393017 0.08364373850840323
167 1000 167 577 471 471 577 1333 833 1333 833 1014 1106 601|0.001 0.00020070988574039106 0.07220807642303484 -0.05808775166076252
471 1333 577 167 167 833 833 1000 471 1333 577 1106 1014 601|0.001 -9.66553419590177e-05 -0.06273822268274776 0.07813109096412418
167 1000 167 471 577 577 471 1333 833 1333 833 1014 1414 687|0.001 -0.00011961179700481495 0.0790666336519319 -0.060228254793924796
1998 1107 1524 2834 3071 2692 2075 1875 6604 2075 5715 2234 3592 4415|0.001 0.00014003514661853345 0.04250827973768967 -0.014960972793698346
2834 1875 3071 1998 1524 5715 6604 1107 2075 2075 2692 2882 1823 3415|0.001 -0.00017315314191912456 -0.01726677856970893 0.031596510109395126
1377 904 1805 2432 1875 2561 2775 1875 5164 1694 5967 2019 1627 3844|0.001 -0.00013058525053177839 0.03990906980098963 -0.04890064552439566
2432 1875 1875 1377 1805 5967 5164 904 2775 1694 2561 3246 1647 4387|0.001 -0.00024342362935803052 -0.05274651877596903 0.06921298923389774
1012 1340 540 156 1169 2337 779 1000 1012 1340 540 1804 1087 1938|0.001 6.851109900729568e-05 -0.0639544437247086 0.06502951127610457
1169 1000 156 540 1012 1012 540 1340 2337 1340 779 1087 1804 1938|0.001 -2.989966535249522e-05 0.06819773492316994 -0.05979519802012723
2706 1000 1552 2868 2987 2987 2868 1875 8119 1875 5954 2280 3404 5558|0.001 -0.00015233629203748045 0.0796721686932611 -0.07330811342685095
2987 1875 2868 1552 2706 8119 5954 1000 2987 1875 2868 3404 2280 5558|0.001 -3.751411050245679e-05 -0.027102761578750023 0.04281096871782797
354 1000 1768 1000 187 187 1000 921 88 921 354 1275 1106 258|0.001 -7.675858873179564e-05 -0.08502096453481212 -0.001420883146892038
2828 5000 2828 530 530 2828 2828 250 2604 1000 2604 3606 729 2828|0.001 -0.00019980757761106638 -0.062420505673990156 0.0754629258179218
1000 921 187 354 1768 354 88 1000 1000 921 187 1000 1275 1275|0.001 -0.00023253546211243759 0.042287578442896656 -0.058491019460257254
1768 1000 354 187 1000 1000 187 921 354 921 88 1275 1000 1275|0.001 -0.00011863435722903048 -0.023307811892899766 -0.07262626552934082
530 250 530 2828 2828 2604 2604 5000 2828 1000 2828 729 3606 2828|0.001 -0.0003340111184924055 0.07699599331309814 -0.058563106987349345
187 921 1000 1768 354 88 354 1000 187 921 1000 1106 1275 258|0.001 -4.275103984263673e-05 0.03225172596138304 -0.09151498688719673
204 1086 1086 384 96 384 1920 1000 204 1086 1086 1086 1018 280|0.001 0.00017301390557555862 -0.05450394088683086 0.07238459635221295
5333 5333 4910 471 1886 9428 1886 1000 5333 5333 4910 5897 1374 6799|0.001 -5.549799938053823e-05 -0.0450415125100434 0.04170079300329199
2121 4000 2121 10416 10416 11314 11314 4000 11314 20000 11314 2915 10607 12510|0.001 0.00040527231708997746 0.07740898937063978 -0.062080754529358906
384 1000 96 204 1086 1086 204 1086 1920 1086 384 1018 1201 1385|0.001 1.1013927359027065e-05 0.04854611015604027 -0.06480224165335335
1886 1000 471 4910 5333 5333 4910 5333 9428 5333 1886 1374 5897 6799|0.001 0.00021420111389280905 0.05986277844445276 -0.03868550775009805
10416 4000 10416 2121 2121 11314 11314 4000 11314 20000 11314 10607 2915 12510|0.001 -0.0002234189549554788 -0.061272883632945696 0.07518496215377812
1086 1086 204 96 384 1920 384 1000 1086 1086 204 1201 1018 1385|0.001 7.029292234950191e-06 -0.060713703341904735 0.048974222573776593
96 1000 384 1086 204 204 1086 1086 384 1086 1920 1018 1086 280|0.001 -0.00010593791949453646 0.07680194695214082 -0.06551575003368337
1437 1355 766 176 330 1760 938 975 868 1107 463 1972 977 1016|0.001 4.360236541378626e-05 -0.06225490404306533 0.07260412676553196
176 975 330 1437 766 463 868 1355 938 1107 1760 1055 1071 542|0.001 -6.795283490901305e-05 0.07823950610083896 -0.06364356597206244
338 1025 180 475 890 1473 786 1135 1804 1389 962 1082 1428 1760|0.001 4.772719481405119e-05 0.0722780679256374 -0.06280522329296212
475 1135 890 338 180 962 1804 1025 786 1389 1473 1046 1001 939|0.001 -4.0939563562547576e-05 -0.060247510867353915 0.07642970098083568
1768 125 1972 354 1768 1768 1591 1000 1768 125 1972 2031 1275 2500|0.001 4.9153019090475425e-05 -0.06989153434603823 0.08779412512356588
807 1000 179 507 63 63 507 896 896 896 896 1070 1030 853|0.001 0.00012108743422389878 0.08659791706977948 -0.06900493397275609
1768 1000 354 1972 1768 1768 1972 125 1768 125 1591 1275 2031 2500|0.001 9.211123439545332e-05 0.05667568839978987 -0.05709745937935495
63 896 507 179 807 896 896 1000 63 896 507 1030 1070 853|0.001 -9.242023998434767e-05 -0.05977518334274623 0.07013036140285145
371 682 371 273 273 1023 1023 1000 507 682 507 905 1037 761|0.001 0.00016496676998434268 -0.06563169454971929 0.06307234030556774
273 1000 273 507 507 371 371 682 1023 682 1023 1037 969 611|0.001 -8.059209658628497e-05 0.041652877602813554 -0.05209661174382596
507 682 507 273 273 1023 1023 1000 371 682 371 969 1037 611|0.001 -9.778609615596068e-05 -0.025306279770198614 0.045277447115514846
273 1000 273 371 371 507 507 682 1023 682 1023 1037 905 761|0.001 3.8415652381385e-05 0.057043143862050005 -0.07584189494967086
707 2000 707 162 162 866 866 812 427 1000 427 1581 916 500|0.001 9.91572032082999e-05 -0.06026116444569629 0.08027858277841693
162 812 162 707 707 427 427 2000 866 1000 866 916 1581 500|0.001 5.9111928110144873e-05 0.07855998882538628 -0.06128546558301862
200 1231 200 526 526 870 870 1231 1066 2462 1066 1127 1228 1040|0.001 6.424774387836507e-05 0.07662245447405125 -0.06191523246775077
526 1231 526 200 200 1066 1066 1231 870 2462 870 1228 1127 1040|0.001 3.184611682582883e-05 -0.05908592324463058 0.07702269637682946
2828 5000 2828 650 530 2828 3464 625 2604 3000 1709 3606 1132 2828|0.001 -8.494888690147029e-05 -0.06284655497495129 0.07923764366641661
962 816 1540 4355 2632 4009 4355 5333 4619 4355 7698 1743 3079 4788|0.001 0.00022860233191979162 0.0664537349126415 -0.06358366191866471
650 625 530 2828 2828 1709 2604 5000 3464 3000 2828 820 3606 2000|0.001 -0.0003836572039850328 0.07985000711454804 -0.06424714843924262
4910 5333 5333 1886 1179 5657 9428 1225 3223 6532 5333 5333 1546 3667|0.001 3.0518725633310595e-05 -0.06185297375672305 0.06753959221347916
4355 5333 2632 962 1540 7698 4619 816 4355 4355 4009 5203 1262 5551|0.001 0.00028773889698907595 -0.06468277496873509 0.060660053286498705
849 1600 1039 2735 4167 4525 4525 4800 4525 8000 5543 1311 4976 5004|0.001 0.00011833830164453829 0.07387795666192964 -0.06205129102115903
1886 1225 1179 4910 5333 5333 3223 5333 9428 6532 5657 2134 5897 6799|0.001 -0.00043297909871009566 0.05896391910272136 -0.06124349339511004
2735 4800 4167 849 1039 5543 4525 1600 4525 8000 4525 3111 1811 5407|0.001 6.376743355573922e-08 -0.06239416494923766 0.07389374828806305
1443 125 1179 289 1443 1443 1299 1000 1443 125 1179 1190 1190 2041|0.001 7.709101790709383e-05 -0.043676152927061285 0.07034314573881595
1102 1000 245 848 106 106 848 1224 1224 1224 1224 1127 1009 1166|0.001 9.376639850566804e-05 0.07592620626182711 -0.06475119373556826
1443 1000 289 1179 1443 1443 1179 125 1443 125 1299 1190 1190 2041|0.001 -6.10970834857838e-05 0.07328596035955703 -0.06543029044376869
106 1224 848 245 1102 1224 1224 1000 106 1224 848 1009 1127 1166|0.001 4.388355185458437e-05 -0.06197607892235557 0.06175626180096483
366 1523 1755 2390 2106 2265 3264 1875 3976 2856 6581 1138 2203 2580|0.001 -8.88606280380344e-05 0.036212985969124034 -0.05340487650515979
1888 1075 174 475 890 1356 723 1135 3125 1549 833 1225 1428 3055|0.001 -0.00011817814984826924 0.06833213147400707 -0.05839584199198278
1261 1441 673 161 1756 2906 775 930 828 1055 442 2038 1065 2099|0.001 -8.743775070763071e-05 -0.06275823711965556 0.06341016752811957
1487 1875 2142 1152 240 2610 4320 656 1383 1231 1569 1169 1194 1584|0.001 -0.000246697350080316 -0.05718449524086511 0.030911479313768808
848 1224 1590 459 1316 2295 2295 1000 848 1224 1590 1334 1266 1934|0.001 -0.00017186479279507338 -0.06783081152363035 0.07915749032432418
1316 1000 459 1590 848 848 1590 1224 2295 1224 2295 1266 1334 1934|0.001 -0.00016549331485427032 0.07734578557307081 -0.056771601914679115
1875 1875 2432 1316 459 3442 5049 1000 1875 1875 2432 1627 1266 2257|0.001 -5.7404103510627635e-05 -0.06012121596192688 0.048080503969718524
459 1000 1316 2432 1875 1875 2432 1875 3442 1875 5049 1266 1627 2257|0.001 -0.00010866677147558512 0.05811414813447824 -0.05856722662540781
766 1355 1437 330 176 938 1760 975 463 1107 868 1071 1055 542|0.001 -0.00011601331492139266 -0.059753874664895124 0.07632073273440287
330 975 176 766 1437 868 463 1355 1760 1107 938 977 1972 1016|0.001 0.00014365800792948136 0.07198277804572495 -0.06254004117926093
180 1025 338 890 475 786 1473 1135 962 1389 1804 1001 1046 939|0.001 0.00015173887296882071 0.07497106979453383 -0.060919076148142626
890 1135 475 180 338 1804 962 1025 1473 1389 786 1428 1082 1760|0.001 0.00011654893212309503 -0.06251917794051987 0.07248124838661107
1437 1355 766 144 269 1437 766 1049 1323 1511 705 1972 1119 1437|0.001 -1.4559630379107347e-05 -0.06303647642480703 0.07283098699895296
144 1049 269 1437 766 705 1323 1355 766 1511 1437 961 1071 766|0.001 9.535619925893357e-05 0.07914406374945449 -0.0625332157076286
257 953 137 673 1261 1370 731 1441 1370 1291 731 917 2038 1515|0.001 0.000151228538223247 0.07235029492516531 -0.0628549415479962
673 1441 1261 257 137 731 1370 953 731 1291 1370 786 1067 808|0.001 0.00015501180782973023 -0.061862815262684334 0.07634306815128777
766 1355 1437 269 144 766 1437 927 705 1000 1323 1071 1095 766|0.001 -7.358501873389045e-05 -0.0619166597197951 0.07750403536442851
269 927 144 766 1437 1323 705 1355 1437 1000 766 859 1972 1437|0.001 0.00017808060278179383 0.07219384653339489 -0.06254954384005806
155 1079 291 1427 761 827 1550 1079 827 1461 1550 926 1378 914|0.001 -8.0314531896164e-05 0.08062022506424071 -0.06528709392793486
1427 1079 761 155 291 1550 827 1079 1550 1461 827 1561 1182 1714|0.001 0.00018832777686439428 -0.06259029396558757 0.07219593755604103
1437 1355 766 144 269 1437 766 927 1323 1000 705 1972 859 1437|0.001 6.988296666676774e-05 -0.0627078816253035 0.0722939007601009
144 927 269 1437 766 705 1323 1355 766 1000 1437 1095 1071 766|0.001 -1.16774344538495e-05 0.07612654481063075 -0.061220405107142994
291 1079 155 761 1427 1550 827 1079 1550 1461 827 1182 1561 1714|0.001 0.0001287037913777489 0.07247446163030746 -0.06242177839087315
761 1079 1427 291 155 827 1550 1079 827 1461 1550 1378 926 914|0.001 2.92314924732473e-05 -0.06551913706277057 0.08081823805853539
1781 1000 73 761 1427 1427 761 1079 2192 1079 292 1063 1561 2437|0.001 -3.6946287055306115e-05 0.07026601500516927 -0.06751486556565656
1427 1079 761 73 1781 2192 292 1000 1427 1079 761 1561 1063 2437|0.001 4.421056116754585e-06 -0.07561631660562229 0.06046402517064342
707 2000 707 133 162 866 707 906 427 1500 651 1581 916 500|0.001 -0.0002296451566419222 -0.062285886499302556 0.08063194171019639
133 906 162 707 707 651 427 2000 707 1500 866 1009 1581 707|0.001 -4.5933528042274574e-05 0.07986602333700299 -0.06371428029701143
179 1103 146 718 472 780 780 1655 956 2207 780 1113 1196 932|0.001 -6.701280308440971e-07 0.07901835546178404 -0.06445919313467274
718 1655 472 179 146 780 956 1103 780 2207 780 1618 1011 863|0.001 0.00020642938415749157 -0.06447853668817838 0.07951146512355178
77 1000 77 218 266 266 218 1154 385 1154 385 1003 1174 317|0.001 -0.0001341331746196328 0.06414472208014832 -0.06293038970414666
266 1154 218 77 77 385 385 1000 266 1154 218 1174 1003 317|0.001 6.963712347873852e-05 -0.055461422735362254 0.07579243964554117
77 1000 77 266 218 218 266 1154 385 1154 385 1003 1023 277|0.001 -0.0002104958488657882 0.08733893338237042 -0.06814652741679583
218 1154 266 77 77 385 385 1000 218 1154 266 1023 1003 277|0.001 0.00016310822399168146 -0.060956223857409064 0.07983820685140142
366 1000 366 1006 1605 1903 1434 1690 1690 1690 1690 1065 2556 2128|0.001 -3.296137851438452e-05 0.06108380153130755 -0.05259301061215749
1006 1690 1605 366 366 1690 1690 1000 1434 1690 1903 659 1065 1721|0.001 -8.87672745009116e-05 -0.062895384551368 0.08385807861705619
366 1000 366 1903 1434 1006 1605 1690 1690 1690 1690 1065 1216 1158|0.001 -6.781647184261885e-05 0.0720247143118069 -0.06531805230202692
1903 1690 1434 366 366 1690 1690 1000 1605 1690 1006 2753 1065 1705|0.001 -4.5763365708051396e-06 -0.054468411492406554 0.06402626541011314
91 1000 91 315 315 315 315 1364 455 1364 455 1004 1209 375|0.001 -7.059176265644673e-05 0.07713499005295388 -0.058844249633451806
315 1364 315 91 91 455 455 1000 315 1364 315 1209 1004 375|0.001 -0.00015099915417815524 -0.05603717299095812 0.07268455573429922
91 1000 91 315 315 315 315 1364 455 1364 455 1004 1209 375|0.001 -0.00018511312601443564 0.08064191394446363 -0.06478463621978348
315 1364 315 91 91 455 455 1000 315 1364 315 1209 1004 375|0.001 -5.363347156062126e-05 -0.06526407273726997 0.08034097813812258
707 2000 707 133 133 707 707 1000 651 2000 651 1581 1009 707|0.001 8.721383230048119e-05 -0.0639930610817041 0.08320159581040043
133 1000 133 707 707 651 651 2000 707 2000 707 1009 1581 707|0.001 8.289295694074994e-05 0.08167176497000606 -0.061602433265948164
133 1000 133 651 651 707 707 2000 707 2000 707 1009 1557 782|0.001 -0.00010955493250253134 0.07268950822024722 -0.06257396662985193
651 2000 651 133 133 707 707 1000 707 2000 707 1557 1009 782|0.001 -8.369741475999781e-05 -0.05776084792116665 0.08071462485132352
2706 816 2129 2868 2987 2987 3272 1875 8119 1531 7036 2280 3404 5558|0.001 -3.4722024681022035e-05 0.03671162369770942 -0.07128678668492539
3658 1875 4007 2607 3315 9944 8618 1225 3658 2296 3513 3492 3462 6807|0.001 3.1191934253271825e-05 -0.04652394158049189 0.044117093575199995
91 1000 91 371 371 371 371 409 409 409 409 1004 740 418|0.001 0.00011223335729670936 0.05561158971280955 -0.06400427840423717
371 409 371 91 91 409 409 1000 371 409 371 740 1004 418|0.001 0.00010911726483930906 -0.05979834143401086 0.07274421491458183
91 1000 91 371 371 371 371 409 409 409 409 1004 740 418|0.001 0.00016845653593833276 0.05418038877354592 -0.05529874125328682
371 409 371 91 91 409 409 1000 371 409 371 740 1004 418|0.001 3.0584410044554033e-05 -0.04751533020935228 0.05908296196037499
1000 1000 1000 245 1836 2693 1102 1000 1000 1000 1000 1731 1204 2438|0.001 0.00018602316523397278 -0.07394147920091743 0.07860933263001302
1836 1000 245 1000 1000 1000 1000 1000 2693 1000 1102 1204 1731 2438|0.001 -0.00012075730027150122 0.0659033300192946 -0.06429192986870946
507 896 951 336 963 1680 1680 1000 507 896 951 1306 1151 1370|0.001 5.2720826413388266e-05 -0.05860324500874037 0.07000565678242587
963 1000 336 951 507 507 951 896 1680 896 1680 1151 1306 1370|0.001 -0.00019172237083364685 0.07238895388255395 -0.05239871994957679
3315 1000 1900 3169 3658 3658 3169 1875 9944 1875 7292 2702 4367 6807|0.001 -6.350082301209703e-05 0.03941637263500608 -0.034619680844393264
3658 1875 3169 1900 3315 9944 7292 1000 3658 1875 3169 4367 2702 6807|0.001 -0.00015096099197253743 -0.06053442701125622 0.03144535031675222
1241 1875 1607 963 336 2521 3697 1000 1241 1875 1607 1491 1151 1545|0.001 8.925322432462579e-05 -0.04993721804548823 0.037919521751208496
336 1000 963 1607 1241 1241 1607 1875 2521 1875 3697 1151 1491 1545|0.001 6.51833805753732e-05 0.04823338227533114 -0.06932015392270174
77 1000 77 314 429 429 314 365 346 365 346 1003 644 459|0.001 -1.862671763386281e-05 0.06843387011044477 -0.061076215535987854
429 365 314 77 77 346 346 1000 429 365 314 644 1003 459|0.001 -5.1103904818994295e-06 -0.04449161669430102 0.06292168137305598
77 1000 77 429 314 314 429 365 346 365 346 1003 774 354|0.001 5.2600203688246694e-05 0.05229637601704917 -0.05785183703928776
314 365 429 77 77 346 346 1000 314 365 429 774 1003 354|0.001 -0.00012132495836092438 -0.053711687029779354 0.06090769046635858
1163 904 734 1000 1000 1366 1366 1000 3182 904 2754 1164 1731 2462|0.001 5.1885252410066585e-05 0.04916043622742006 -0.03948485947355196
1511 1000 1511 813 1287 3522 3048 1107 1107 1107 1107 1916 1630 2269|0.001 5.584671640468386e-05 -0.06132336993945664 0.04950349012048161
1000 1000 1000 734 1163 3182 2754 904 1366 904 1366 1731 1164 2462|0.001 0.0001578965631354734 -0.05584790556379171 0.03821893855409764
1287 1107 813 1511 1511 1107 1107 1000 3522 1107 3048 1630 1916 2269|0.001 -0.00014640129307186278 0.07702367119819087 -0.08076236466958653
1443 816 866 1853 2483 2483 2153 1875 4330 1531 3248 1190 3342 3524|0.001 0.00010621466684401781 0.05367874451945198 -0.04385924348042414
3041 1875 2637 1061 1768 5303 3977 1225 3041 2296 2269 3708 2031 4316|0.001 -0.0001625087187151486 -0.0731989931699939 0.0679453680523534
750 1000 750 1021 1604 1865 1395 1875 2812 1875 2812 1250 2490 2432|0.001 -0.00017383020452288456 0.03600296189309349 -0.0627975157897287
1021 1875 1604 750 750 2812 2812 1000 1395 1875 1865 1081 1250 2094|0.001 -6.796741931380801e-05 -0.04665596470355249 0.034793607229053336
750 1000 750 1865 1395 1021 1604 1875 2812 1875 2812 1250 1439 1681|0.001 9.5965511379692e-05 0.06455847868884312 -0.033514952872636394
1865 1875 1395 750 750 2812 2812 1000 1604 1875 1021 2665 1250 2087|0.001 -4.3303132318817106e-05 -0.06765630536269662 0.06828289757795147
866 2000 866 250 250 1250 1250 1000 866 2000 866 1658 1031 1031|0.001 -0.00020369446028123406 -0.06688514847268179 0.08593780639425397
250 1000 250 866 866 866 866 2000 1250 2000 1250 1031 1658 1031|0.001 -0.00022421039220343886 0.07406243674042301 -0.05936001513134337
866 2000 866 250 250 1250 1250 1000 866 2000 866 1658 1031 1031|0.001 6.597217392378951e-05 -0.06654086066356313 0.07897665348628014
250 1000 250 866 866 866 866 2000 1250 2000 1250 1031 1658 1031|0.001 -0.0001560248829990396 0.08575634358080508 -0.06616074951062534
2018 1000 269 959 1797 1797 959 1484 4035 1484 1345 1242 2303 3372|0.001 6.127766552177505e-05 0.06224697506175714 -0.06291021717402367
1797 1484 959 269 2018 4035 1345 1000 1797 1484 959 2303 1242 3372|0.001 6.756887513503784e-05 -0.05911515086490016 0.0651124977493045
670 1087 357 126 948 1895 632 1000 670 1087 357 1276 1058 1499|0.001 9.052222023964163e-05 -0.06411133784414269 0.0686683516705533
948 1000 126 357 670 670 357 1087 1895 1087 632 1058 1276 1499|0.001 -9.252301612971969e-05 0.07183588327894563 -0.06342560017004728
1768 1225 1061 2637 3041 3041 2269 1875 5303 2296 3977 2031 3708 4316|0.001 0.00011663364574365787 0.048577807924417016 -0.015366097114902777
2483 1875 1853 866 1443 4330 3248 816 2483 1531 2153 3342 1190 3524|0.001 -0.00011953738733305741 -0.07498855648807368 0.07574627707593651
750 1000 750 1395 1865 1604 1021 1875 2812 1875 2812 1250 2665 2087|0.001 -0.00023486392174976167 0.03626987170523677 -0.05577337149823003
1395 1875 1865 750 750 2812 2812 1000 1021 1875 1604 1439 1250 1681|0.001 -0.00013762571990483252 -0.06946401936017588 0.0703130524445661
750 1000 750 1604 1021 1395 1865 1875 2812 1875 2812 1250 1081 2094|0.001 -0.00013296263641104922 0.07820038818257213 -0.06679278454295612
1604 1875 1021 750 750 2812 2812 1000 1865 1875 1395 2490 1250 2432|0.001 0.00011157319618426698 -0.027869721099882394 0.04389250880419526
354 1000 1768 1225 230 230 1225 604 88 604 354 1275 1195 290|0.001 -0.0002087216227131261 -0.07092161243603456 0.052268643449771
2828 5000 2828 650 650 3464 3464 250 1709 1000 1709 3606 820 2000|0.001 -0.00011318058901754746 -0.06384025365698154 0.07995023076506458
1225 604 230 354 1768 354 88 1000 1225 604 230 707 1275 1458|0.001 0.00011125498352138052 -0.03334671360003649 -0.03929113276823992
1768 1000 354 230 1225 1225 230 604 354 604 88 1275 707 1458|0.001 0.0001742120857195495 -0.038321832888124074 -0.015124458037517607
650 250 650 2828 2828 1709 1709 5000 3464 1000 3464 820 3606 2000|0.001 -0.00010359841528306823 0.07277282834446508 -0.062451596087643724
230 604 1225 1768 354 88 354 1000 230 604 1225 1195 1275 290|0.001 4.3709373984679445e-05 0.0511924618945403 -0.054155249318400545
380 1655 2027 585 146 585 2925 1000 380 1655 2027 1170 1042 480|0.001 4.0941793768567436e-05 -0.0599241255532712 0.07003792704833423
4355 5333 2632 385 1540 7698 1540 1000 4355 5333 2632 5203 1262 5551|0.001 -0.0006328105390851491 -0.072320735348399 0.0749539210990191
2598 4000 2598 6837 6837 11314 11314 4000 13856 20000 13856 3279 7124 13519|0.001 -8.768508451773016e-05 0.07577364101481798 -0.06430517876573338
585 1000 146 380 2027 2027 380 1655 2925 1655 585 1042 1977 2412|0.001 -0.0001227620687183073 0.04863618742641185 -0.059151205801052376
1540 1000 385 2632 4355 4355 2632 5333 7698 5333 1540 1262 5203 5551|0.001 -2.8783495534812076e-05 0.06008044767775722 -0.039535123078847656
6837 4000 6837 2598 2598 13856 13856 4000 11314 20000 11314 7124 3279 13519|0.001 -0.00021661256291105602 -0.06292451608561622 0.07970703806396973
2027 1655 380 146 585 2925 585 1000 2027 1655 380 1977 1042 2412|0.001 -4.0112488159937953e-05 -0.05920572978545535 0.050500976808063314
146 1000 585 2027 380 380 2027 1655 585 1655 2925 1042 1170 480|0.001 0.00015069029864589467 0.07039774862764414 -0.06349587414607338
338 1025 180 69 1692 2083 278 1000 338 1025 180 1082 1057 1908|0.001 7.433264641143467e-05 -0.0436908143767889 0.05285183142280658
1692 1000 69 180 338 338 180 1025 2083 1025 278 1057 1082 1908|0.001 -1.201816924867316e-05 0.04794060603200867 -0.043880742542844464
1692 1000 69 475 890 890 475 1135 2083 1135 278 1057 1428 2078|0.001 -0.0001401949253976298 0.04890137133385375 -0.0701829386633912
890 1135 475 69 1692 2083 278 1000 890 1135 475 1428 1057 2078|0.001 6.625077808131152e-05 -0.0642328042125262 0.050009990113644154
707 2000 707 133 133 707 707 812 651 1000 651 1581 911 707|0.001 0.00011425832208811215 -0.06488949105713182 0.08011484963118543
133 812 133 707 707 651 651 2000 707 1000 707 911 1581 707|0.001 2.8157303777476272e-05 0.07970140836602413 -0.06353527465056907
163 1231 163 801 801 870 870 1231 870 2462 870 1121 1368 962|0.001 -0.00010984614720488395 0.08203490327345353 -0.05951582491811491
801 1231 801 163 163 870 870 1231 870 2462 870 1368 1121 962|0.001 0.00015639223779784217 -0.0596902957762413 0.075865778141051
766 1355 1437 269 144 766 1437 1049 705 1511 1323 1071 961 766|0.001 0.00011302262606038838 -0.06291324464931858 0.0739466822978585
269 1049 144 766 1437 1323 705 1355 1437 1511 766 1119 1972 1437|0.001 0.00010501659894135429 0.0720668065029817 -0.06296420867179853
137 953 257 1261 673 731 1370 1441 731 1291 1370 1067 786 808|0.001 -6.523075291697822e-05 0.07741827739222495 -0.06313604337998102
1261 1441 673 137 257 1370 731 953 1370 1291 731 2038 917 1515|0.001 0.00010072008735262372 -0.0630641813293531 0.07208948547642535
2828 5000 2828 530 650 3464 2828 625 1709 3000 2604 3606 820 2000|0.001 -6.185402910419135e-05 -0.06441604544262014 0.0797759636665063
1179 1225 1886 5333 4910 3223 5333 5333 5657 6532 9428 1546 5333 3667|0.001 9.663094765022251e-05 0.06801275877754698 -0.06429163286755912
530 625 650 2828 2828 2604 1709 5000 2828 3000 3464 1132 3606 2828|0.001 -0.00015251050912823416 0.07867882951662519 -0.06335265854123806
2632 5333 4355 1540 962 4619 7698 816 4009 4355 4355 3079 1743 4788|0.001 -0.0002298569040382059 -0.06347480784678838 0.06907863381434565
5333 5333 4910 1179 1886 9428 5657 1225 5333 6532 3223 5897 2134 6799|0.001 -0.00013359160967008066 -0.0644611902581993 0.06803626322895662
1039 1600 849 4167 2735 4525 4525 4800 5543 8000 4525 1811 3111 5407|0.001 -0.00010994964671939833 0.07771700390774239 -0.06085603175607135
1540 816 962 2632 4355 4355 4009 5333 7698 4355 4619 1262 5203 5551|0.001 -0.0003911151306545957 0.06844064050874676 -0.0614663187130593
4167 4800 2735 1039 849 4525 5543 1600 4525 8000 4525 4976 1311 5004|0.001 7.694824345927387e-05 -0.060883863567243734 0.07676061599506401
240 656 1152 2142 1487 1383 1569 1875 2610 1231 4320 1194 1169 1584|0.001 -6.647721693675557e-05 0.038001112876879795 -0.05717480661469598
1756 930 161 673 1261 828 442 1441 2906 1055 775 1065 2038 2099|0.001 -0.00011067532552089254 0.0708947688677708 -0.06659469791441719
890 1135 475 174 1888 3125 833 1075 1356 1549 723 1428 1225 3055|0.001 -0.000120080295152869 -0.06265176098189773 0.062288386595024114
2106 1875 2390 1755 366 3976 6581 1523 2265 2856 3264 2203 1138 2580|0.001 -0.00012051761117737314 -0.019257657422060426 0.04024742467420461
707 2000 707 162 133 707 866 906 651 1500 427 1581 1009 707|0.001 8.670353379924833e-05 -0.06716914691218823 0.08587446148088596
162 906 133 707 707 427 651 2000 866 1500 707 916 1581 500|0.001 -7.113498764699244e-05 0.07580272206486605 -0.06378558790267941
146 1103 179 472 718 780 780 1655 780 2207 956 1011 1618 863|0.001 0.0001491392047725526 0.08480030960313245 -0.06622155769741012
472 1655 718 146 179 956 780 1103 780 2207 780 1196 1113 932|0.001 6.323447145906158e-05 -0.05746872451752427 0.08014853168259561
766 1355 1437 254 135 722 1355 1007 965 1495 1810 1071 1009 1053|0.001 -1.4350838769550123e-05 -0.06313602510878757 0.07805098394839893
254 1007 135 766 1437 1810 965 1355 1355 1495 722 1032 1972 1975|0.001 0.00012043580835285894 0.07216154111920003 -0.06273200678627244
135 993 252 1797 959 761 1427 1484 717 1345 1345 1025 1161 773|0.001 -2.4116471458723865e-05 0.0741740103783628 -0.06323004816841005
1797 1484 959 135 252 1345 717 993 1427 1345 761 2303 1002 1449|0.001 -6.311885584753263e-05 -0.06260200645587966 0.07217123974128992
2828 5000 2828 500 500 2667 2667 1000 3563 5000 3563 3606 1118 3887|0.001 -0.000334234989065596 -0.06048619285770496 0.0792122475377699
2000 1000 2000 5657 7126 7126 5657 5333 10000 5333 10000 2236 7775 8413|0.001 -0.0001304051433681508 0.07398651597864347 -0.05949370155010403
500 1000 500 2828 2828 3563 3563 5000 2667 5000 2667 1118 3606 3887|0.001 -0.0002029179157758687 0.07214547584527109 -0.062310338849986824
7126 5333 5657 2000 2000 10000 10000 1000 7126 5333 5657 7775 2236 8413|0.001 -0.0002798785428104189 -0.05783596889166409 0.06990430026936112
5657 5333 7126 2000 2000 10000 10000 1000 5657 5333 7126 5745 2236 7211|0.001 0.00021760853542440728 -0.05989728225161528 0.06601166333763064
500 1000 500 3563 3563 2828 2828 5000 2667 5000 2667 1118 4206 2872|0.001 0.00014894248533181553 0.0793421507784009 -0.062476417082887314
2000 1000 2000 7126 5657 5657 7126 5333 10000 5333 10000 2236 5745 7211|0.001 -0.0005279300388727481 0.0757519144064922 -0.06523843408617558
3563 5000 3563 500 500 2667 2667 1000 2828 5000 2828 4206 1118 2872|0.001 -0.0003872642954327876 -0.06726906447445669 0.08656295026859384
1437 1355 766 135 254 1355 722 1007 1810 1495 965 1972 1032 1975|0.001 0.00015976046047194714 -0.06251233307025483 0.07269731990206196
135 1007 254 1437 766 965 1810 1355 722 1495 1355 1009 1071 1053|0.001 -4.478535048368926e-05 0.07553237973725535 -0.06251474862770778
252 993 135 959 1797 1427 761 1484 1345 1345 717 1002 2303 1449|0.001 9.895314437402547e-05 0.07222028161364635 -0.06262827672806504
959 1484 1797 252 135 717 1345 993 761 1345 1427 1161 1025 773|0.001 0.00015977741347095176 -0.06531532626855463 0.07945391624721188
707 2000 707 125 125 667 667 1000 891 2000 891 1581 1008 972|0.001 -0.00013611074709429793 -0.06275114824608852 0.0744861442832856
125 1000 125 707 707 891 891 2000 667 2000 667 1008 1581 972|0.001 -0.00012009334112716985 0.07844252590671674 -0.06082609706032471
125 1000 125 891 891 707 707 2000 667 2000 667 1008 1671 718|0.001 -5.598019772068419e-05 0.08121621865574635 -0.06371204129103858
891 2000 891 125 125 667 667 1000 707 2000 707 1671 1008 718|0.001 -0.00016437238122612996 -0.06532526668033944 0.08333764380648923
354 1000 354 125 125 625 625 1000 354 1000 354 1061 1008 451|0.001 -0.00012929771120995248 -0.05896737422218745 0.06635927050880008
125 1000 125 354 354 354 354 1000 625 1000 625 1008 1061 451|0.001 -0.00010955816987401334 0.08887864059309081 -0.0698746942966133
354 1000 354 125 125 625 625 1000 354 1000 354 1061 1008 451|0.001 -8.540433391490687e-05 -0.06692549115240198 0.07690724476957955
125 1000 125 354 354 354 354 1000 625 1000 625 1008 1061 451|0.001 -3.250891332018391e-05 0.07994959684904934 -0.06004040293399404
67 1000 67 189 189 189 189 1000 333 1000 333 1002 1018 240|0.001 -3.938187214114208e-06 0.0635211030520022 -0.06140509147603335
189 1000 189 67 67 333 333 1000 189 1000 189 1018 1002 240|0.001 -1.932744740917869e-06 -0.05499984591775031 0.0782393856777941
67 1000 67 189 189 189 189 1000 333 1000 333 1002 1018 240|0.001 -5.206634653087683e-05 0.0792294684410022 -0.06251372764355279
189 1000 189 67 67 333 333 1000 189 1000 189 1018 1002 240|0.001 -0.00012155607206687513 -0.06212601110091254 0.08234915911188301
2828 5000 2828 530 530 2828 2828 1000 2604 5000 2604 3606 1132 2828|0.001 -0.0005230262860578261 -0.06567050197426982 0.0858707663661451
1886 1000 1886 5333 4910 4910 5333 5333 9428 5333 9428 2134 5333 6472|0.001 0.00020529796885160323 0.07777879727124848 -0.05866694307145148
530 1000 530 2828 2828 2604 2604 5000 2828 5000 2828 1132 3606 2828|0.001 3.491168819147461e-05 0.0860221500604097 -0.06546607590421138
4910 5333 5333 1886 1886 9428 9428 1000 4910 5333 5333 5333 2134 6472|0.001 -0.00013227010373095816 -0.06446289167726937 0.06810034911212126
5333 5333 4910 1886 1886 9428 9428 1000 5333 5333 4910 5897 2134 6799|0.001 0.00030515277262610496 -0.06218914272755227 0.06610991876896177
530 1000 530 2604 2604 2828 2828 5000 2828 5000 2828 1132 3432 3127|0.001 -0.0001821236120724823 0.07833633732870604 -0.058010558080658914
1886 1000 1886 4910 5333 5333 4910 5333 9428 5333 9428 2134 5897 6799|0.001 -0.00045501636075750973 0.06906576455527391 -0.055670995075055574
2604 5000 2604 530 530 2828 2828 1000 2828 5000 2828 3432 1132 3127|0.001 -0.00048274212127163985 -0.05827064737269794 0.07743038972524596
1937 1000 258 673 1261 1261 673 1441 3874 1441 1291 1225 2038 3016|0.001 3.441277389049091e-05 0.07095753489394507 -0.06374478439472031
1261 1441 673 258 1937 3874 1291 1000 1261 1441 673 2038 1225 3016|0.001 0.00012796935206171867 -0.06492430923898063 0.06707481887943567
67 1000 67 372 372 372 372 333 300 333 300 1002 687 398|0.001 0.00011187990412553361 0.07601302796239606 -0.0630821591188413
372 333 372 67 67 300 300 1000 372 333 372 687 1002 398|0.001 4.581186092034173e-05 -0.051000395550845345 0.06707778069449777
67 1000 67 372 372 372 372 333 300 333 300 1002 687 398|0.001 8.846841475174116e-05 0.06369992596261032 -0.06324158556617054
372 333 372 67 67 300 300 1000 372 333 372 687 1002 398|0.001 0.00011036053394031242 -0.06853406597348455 0.06939149482266149
1246 581 432 1892 2143 2143 2243 2143 3737 1246 1993 724 2760 3041|0.001 -0.00030662877669174193 0.05505799305970838 -0.06294034943258531
3687 2143 3860 743 2143 6429 3429 1720 3687 3687 3256 3820 2365 5231|0.001 -0.00011014312160217976 -0.07163578722187425 0.0843188436817921
1246 1289 432 1892 2143 2143 1459 2143 3737 2763 1993 1597 2760 3041|0.001 -1.753998556619507e-05 0.07058182464670715 -0.07031244308957518
1662 2143 1132 335 966 2898 1546 776 1662 1662 1468 2490 845 2358|0.001 -8.860754349138134e-05 -0.05256620130538181 0.07286664998293668
520 1000 520 2036 2279 1757 1428 1500 2400 1500 2400 1127 2966 1938|0.001 -0.00022099579384260437 0.06328155921012657 -0.06151869242139729
2036 1500 2279 520 520 2400 2400 1000 1428 1500 1757 1883 1127 1645|0.001 -0.00018980930013845487 -0.04573241838800146 0.06894681965395222
520 1000 520 1757 1428 2036 2279 1500 2400 1500 2400 1127 1199 2444|0.001 -2.6874463097126267e-05 0.06657165406149579 -0.056880848002844875
1757 1500 1428 520 520 2400 2400 1000 2279 1500 2036 2586 1127 2650|0.001 0.00016371337399068153 -0.04890585503422251 0.07109640297346731
966 776 335 1132 1662 1662 1468 2143 2898 1662 1546 845 2490 2358|0.001 8.38709142891858e-05 0.06497912679872542 -0.05030696550150204
2143 2143 1892 432 1246 3737 1993 1289 2143 2763 1459 2760 1597 3041|0.001 6.29103602056702e-05 -0.06357039002818587 0.06424805962657043
520 1000 520 1428 1757 2279 2036 1500 2400 1500 2400 1127 2586 2650|0.001 5.728115537451117e-08 0.062249505852298714 -0.061655582488995275
1428 1500 1757 520 520 2400 2400 1000 2036 1500 2279 1199 1127 2444|0.001 -3.291992497156393e-05 -0.059121750370285664 0.06909273113980818
520 1000 520 2279 2036 1428 1757 1500 2400 1500 2400 1127 1883 1645|0.001 0.00013983668985417808 0.06900318621485102 -0.050267495972214915
2279 1500 2036 520 520 2400 2400 1000 1757 1500 1428 2966 1127 1938|0.001 -9.256584989292271e-05 -0.062238556733039685 0.06535246887291679
2143 1720 743 3860 3687 3687 3256 2143 6429 3687 3429 2365 3820 5231|0.001 -0.0002440476034670791 0.071077853783168 -0.05403610137643566
2143 2143 1892 432 1246 3737 1993 581 2143 1246 2243 2760 724 3041|0.001 3.21004489700627e-05 -0.04769726107442751 0.061842619651211184
366 1000 366 1434 1903 1605 1006 1690 1690 1690 1690 1065 2753 1705|0.001 4.87521890368825e-05 0.07025089033788623 -0.04822836341765502
1434 1690 1903 366 366 1690 1690 1000 1006 1690 1605 1216 1065 1158|0.001 -1.4846703133564176e-06 -0.06086866249738865 0.062379840943600495
366 1000 366 1605 1006 1434 1903 1690 1690 1690 1690 1065 659 1721|0.001 7.476832484698548e-05 0.08799645151904123 -0.06855339588052622
1605 1690 1006 366 366 1690 1690 1000 1903 1690 1434 2556 1065 2128|0.001 0.0001867629323282216 -0.07155636558784151 0.08856255176304728
1744 1000 581 467 1000 1000 467 961 581 961 39 1419 1151 1419|0.001 -3.802674841679732e-08 -0.0624166372794166 0.019336711636031012
1000 961 467 581 1744 581 39 1000 1000 961 467 1151 1419 1419|0.001 0.0001841702798821565 0.05246750087887442 -0.09103887927834897
6452 1875 6960 1886 471 11490 14142 1000 6452 1875 6960 5976 1374 6859|0.05 0.001340829231757379 -0.09088876880675834 0.08653594054486069
471 1000 1886 6960 6452 6452 6960 1875 11490 1875 14142 1374 5976 6859|0.05 0.007141013682823161 0.04797062639481764 -0.09442346529482504
167 1000 167 615 1070 1070 615 1875 1250 1875 1250 1014 1973 1163|0.05 0.010300627858732536 0.11244093631893604 -0.06039452472874074
615 1875 1070 167 167 1250 1250 1000 615 1875 1070 1174 1014 766|0.05 0.00899438050028012 -0.10635599042737365 0.08956847365660048
167 1000 167 1070 615 615 1070 1875 1250 1875 1250 1014 1174 766|0.05 0.0033184837715793947 0.059009787768729005 -0.08215896465756933
1070 1875 615 167 167 1250 1250 1000 1070 1875 615 1973 1014 1163|0.05 -0.005380066608920986 -0.07097092533772997 0.12576360464974234
1443 1000 289 1853 2483 2483 1853 1875 4330 1875 2165 1190 3342 3524|0.05 -0.010156445336526598 0.11021047109791571 -0.06313933488381718
2483 1875 1853 289 1443 4330 2165 1000 2483 1875 1853 3342 1190 3524|0.05 -0.006276749104776602 -0.09436948269925471 0.12817317885001955
471 1000 1886 5333 4910 4910 5333 5333 1886 5333 9428 1374 5333 5000|0.05 -0.003675565866447794 0.006698719577522549 -0.06729940236719356
4910 5333 5333 1886 471 1886 9428 1000 4910 5333 5333 5333 1374 5000|0.05 0.006456701226895678 -0.05067117250008746 0.01890642135701226
371 682 371 91 91 682 682 1000 371 682 371 905 1004 447|0.05 -0.0002626223956281315 -0.07669540374331318 0.0948762605815312
91 1000 91 371 371 371 371 682 682 682 682 1004 905 447|0.05 -0.0023465931073718416 0.12771719768338574 -0.08256612814669051
371 682 371 91 91 682 682 1000 371 682 371 905 1004 447|0.05 0.0013532131245685974 -0.058450511633963975 0.13171457706923517
91 1000 91 371 371 371 371 682 682 682 682 1004 905 447|0.05 0.0060034732594616 0.1266229469810587 -0.09290087513040501
1000 1000 1000 71 71 566 566 900 1116 200 1116 1414 951 1149|0.05 -0.005226529911321887 -0.06061595094219108 0.13507117808647662
71 900 71 1000 1000 1116 1116 1000 566 200 566 951 1414 1149|0.05 0.004791441930711571 0.12922481302340305 -0.07048980121930226
79 1111 79 1240 1240 1111 1111 222 629 1111 629 1057 1326 1114|0.05 0.002780659431202981 0.1430879446175637 -0.06256520160733747
1240 222 1240 79 79 629 629 1111 1111 1111 1111 1326 1057 1114|0.05 0.008595884835846945 -0.08713321708432309 0.09911361083485337
1000 1000 1000 87 87 693 693 900 817 200 817 1414 953 825|0.05 -0.006154028118495747 -0.0732362462858771 0.13019140846189936
87 900 87 1000 1000 817 817 1000 693 200 693 953 1414 825|0.05 -0.0019043632107329511 0.13237677459112085 -0.06848310416475378
96 1111 96 908 908 1111 1111 222 770 1111 770 1058 1023 1169|0.05 0.0038551619217686017 0.11793952899803672 -0.07612249198184151
908 222 908 96 96 770 770 1111 1111 1111 1111 1023 1058 1169|0.05 0.00772311300020645 -0.06572176457836698 0.09358113165576887
2390 1875 2106 366 1755 6581 3976 1523 3264 2856 2265 3007 1819 4899|0.05 0.0036066345602692174 -0.07205299721469327 0.1638919632411251
1152 656 240 1487 2142 1569 1383 1875 4320 1231 2610 747 3031 2581|0.05 0.0034763460943953994 0.1564797573273391 -0.06622486774555125
1316 1000 459 1875 2432 2432 1875 1875 5049 1875 3442 1266 3246 3544|0.05 -0.005775510584858923 0.12122443789013948 -0.0808766275444317
2432 1875 1875 459 1316 5049 3442 1000 2432 1875 1875 3246 1266 3544|0.05 0.007570316281286793 -0.09787633929542405 0.05762213136562222
246 1000 246 67 67 500 500 1000 246 1000 246 1030 1002 306|0.05 0.00025481858249243317 -0.06725516463120362 0.13795934045341074
67 1000 67 246 246 246 246 1000 500 1000 500 1002 1030 306|0.05 0.008645525892583272 0.13206725933620378 -0.059770895456314754
246 1000 246 67 67 500 500 1000 246 1000 246 1030 1002 306|0.05 0.002634358818360827 -0.08136578648985537 0.09178359144685899
67 1000 67 246 246 246 246 1000 500 1000 500 1002 1030 306|0.05 -0.006240821734561086 0.11014993949269636 -0.061788213317176544
167 1000 167 681 1319 1319 681 1875 1250 1875 1250 1014 2252 1396|0.05 0.007512589794760327 0.03235356077603502 -0.08095984617501495
681 1875 1319 167 167 1250 1250 1000 681 1875 1319 938 1014 820|0.05 0.006375555134390254 -0.08119688477151055 0.11014102164962125
167 1000 167 1319 681 681 1319 1875 1250 1875 1250 1014 938 820|0.05 0.007084963375076914 0.07604336125510258 -0.05410566970893593
1319 1875 681 167 167 1250 1250 1000 1319 1875 681 2252 1014 1396|0.05 0.001722262230099414 -0.08087165753550285 0.07363613199269592
5543 1875 5683 1540 962 10464 11547 816 5961 1531 5683 5551 1743 6789|0.05 0.00601850327559994 -0.06965505764870983 0.04765637153332891
1179 1225 1886 6960 7300 6789 6960 1875 12816 2296 14142 1546 7792 7776|0.05 0.010061277674975333 0.1152390853459151 -0.0667961337799905
1540 816 962 5543 5683 5683 5961 1875 11547 1531 10464 1262 5997 7076|0.05 0.002770562506380081 0.13523959850610723 -0.06943363593113316
6960 1875 7300 1179 1886 14142 12816 1225 6960 2296 6789 6692 2134 8667|0.05 0.009359385553964206 -0.08054804100246726 0.0837629563389819
314 865 284 77 77 577 577 1000 314 865 284 911 1003 378|0.05 0.003667348547156113 -0.07898861238007648 0.10967687937261994
77 1000 77 284 314 314 284 865 577 865 577 1003 911 378|0.05 -0.0005302623002811924 0.08271294379141869 -0.07194649304939293
284 865 314 77 77 577 577 1000 284 865 314 1040 1003 354|0.05 0.005698082626492962 -0.07037786153282988 0.09726393060842442
77 1000 77 314 284 284 314 865 577 865 577 1003 1040 354|0.05 0.0004308813617659446 0.12090996076931093 -0.07428191179738808
96 1000 384 1417 1314 1314 1417 1875 2340 1875 2880 1018 1811 1397|0.05 -0.0028037168021077807 0.1024837279647639 -0.08014594183842982
1314 1875 1417 384 96 2340 2880 1000 1314 1875 1417 1811 1018 1397|0.05 -0.0031648461841760067 -0.05116940738039921 0.11009157797659652
1000 1000 1000 87 693 1299 693 817 817 817 817 1414 825 1090|0.05 -0.001263976138098366 -0.10944536797087401 0.1717150025496328
693 817 87 1000 1000 817 817 1000 1299 817 693 825 1414 1090|0.05 0.004381585996764414 0.1424717680157106 -0.07194321529307102
1000 1000 1000 106 848 1590 848 1224 1224 1224 1224 1002 1288 1848|0.05 0.00619993513996997 -0.05301130170604074 0.0922627979191315
848 1224 106 1000 1000 1224 1224 1000 1590 1224 848 1288 1002 1848|0.05 0.007199984870041032 0.09284968230603985 -0.09436565378410533
1102 1000 245 1000 1000 1000 1000 1000 2693 1000 1836 1127 1731 1992|0.05 0.004044478554583453 0.14231834747748806 -0.07476827392602581
1000 1000 1000 245 1102 2693 1836 1000 1000 1000 1000 1731 1127 1992|0.05 0.0066479053284007605 -0.06845242958458342 0.14670733217271748
250 1000 250 1021 1604 1604 1021 1875 1875 1875 1875 1031 2490 1744|0.05 0.004120188966174609 0.10118927868396188 -0.06545060948949355
1021 1875 1604 250 250 1875 1875 1000 1021 1875 1604 1081 1031 1230|0.05 -0.01142356881688622 -0.054456341091454474 0.12600438197608366
250 1000 250 1604 1021 1021 1604 1875 1875 1875 1875 1031 1081 1230|0.05 -0.003877143126213012 0.1023181144746732 -0.05823208731395968
1604 1875 1021 250 250 1875 1875 1000 1604 1875 1021 2490 1031 1744|0.05 0.0027604493680954967 -0.09505349954854525 0.09169022334972299
963 1000 336 1241 1607 1607 1241 1875 3697 1875 2521 1151 2376 2479|0.05 -0.002824311201093943 0.11320377985927887 -0.08876548924061978
1607 1875 1241 336 963 3697 2521 1000 1607 1875 1241 2376 1151 2479|0.05 -0.002105546332772379 -0.04973929636383767 0.09562693423906587
1000 1000 1000 87 71 566 693 950 738 600 817 1414 1002 721|0.05 0.0024069443459495687 -0.08066113608095393 0.1206515050099477
87 950 71 1000 1000 817 738 1000 693 600 566 953 1414 825|0.05 0.008111045063723399 0.13492384566714533 -0.06179577636086786
74 1053 91 860 777 1053 1053 632 595 1053 729 1003 1266 1107|0.05 0.0070314762867917935 0.11416323423187658 -0.07458703398953492
860 632 777 74 91 729 595 1053 1053 1053 1053 1001 1055 1108|0.05 -0.006832828641410993 -0.07671001384236487 0.14890533451998644
71 950 87 1000 1000 738 817 1000 566 600 693 1002 1414 721|0.05 0.00886074587900465 0.10553582442227372 -0.051635922211256124
1000 1000 1000 71 87 693 566 950 817 600 738 1414 953 825|0.05 0.007696329759305787 -0.07179448465089777 0.09911926645027824
777 632 860 91 74 595 729 1053 1053 1053 1053 1266 1003 1107|0.05 -0.002545790069412579 -0.080063109716344 0.14132730100518298
91 1053 74 777 860 1053 1053 632 729 1053 595 1055 1001 1108|0.05 0.005889331120885188 0.108414462700821 -0.07172834931455707
1000 1000 1000 71 566 1061 566 1116 738 1116 738 1414 1149 791|0.05 -0.0010844765363771103 -0.06599781848973363 0.10417606326626139
566 738 71 1000 1000 1116 1116 1000 1061 738 566 721 1414 1458|0.05 0.007421087650043567 0.16357249209085323 -0.09487715178217782
507 896 63 662 662 896 896 1000 951 896 507 898 1127 1305|0.05 7.797989693747454e-05 0.1597937401572569 -0.08848221587988925
1511 1000 1511 96 766 1437 766 1355 1355 1355 1355 1703 1424 1556|0.05 -0.0022533113796840976 -0.06764829183487531 0.07861901765093382
1000 1000 1000 71 566 1061 566 738 1116 738 1116 1414 721 1458|0.05 0.0076025790565492635 -0.08298229222448827 0.134515117045515
566 1116 71 1000 1000 738 738 1000 1061 1116 566 1149 1414 791|0.05 -0.006934396094074868 0.1148710522463503 -0.07411733516273777
766 1355 96 1511 1511 1355 1355 1000 1437 1355 766 1424 1703 1556|0.05 0.008183962074108653 0.10269317405674272 -0.10572960255809005
662 1000 662 63 507 951 507 896 896 896 896 1127 898 1305|0.05 0.0011770614981498895 -0.06757114704343925 0.12687569891246753
1549 1875 1043 281 1403 4210 2105 1000 1549 1875 1043 2402 1181 2882|0.05 -0.008397675593032616 -0.07071890365182187 0.09681859973615925
1403 1000 281 1043 1549 1549 1043 1875 4210 1875 2105 1181 2402 2882|0.05 0.001863329557458826 0.10234170253748509 -0.08187307842642544
1768 1000 354 2798 3041 3041 2798 1875 5303 1875 2652 1275 3571 4316|0.05 0.0029788575307243548 0.04255198470877186 -0.09150527272596243
3041 1875 2798 354 1768 5303 2652 1000 3041 1875 2798 3571 1275 4316|0.05 -0.006630372692330022 -0.08088131744131033 0.1416025739185156
385 1000 1540 4355 2632 2632 4355 5333 1540 5333 7698 1262 3079 2742|0.05 0.0019517162310611624 -0.045019565961749164 -0.07986421247893505
2632 5333 4355 1540 385 1540 7698 1000 2632 5333 4355 3079 1262 2742|0.05 -0.004846758400254281 -0.03555609226098322 -0.005405267511296996
5543 1875 5683 1540 385 9382 11547 1000 5543 1875 5683 5551 1262 5860|0.05 0.009593238973379936 -0.07597246102174493 0.10570991698182652
385 1000 1540 5683 5543 5543 5683 1875 9382 1875 11547 1262 5551 5860|0.05 0.0037142663496725348 0.10775062224409382 -0.07950798713694196
146 1000 585 2390 2106 2106 2390 1875 3565 1875 4388 1042 2203 2227|0.05 0.0036905885108384773 0.09093873427648003 -0.10157809099131665
2106 1875 2390 585 146 3565 4388 1000 2106 1875 2390 2203 1042 2227|0.05 0.008647219125270666 -0.0868497609169172 0.09694778714151475
7300 1875 6960 1886 1179 12816 14142 1225 6789 2296 6960 7792 1546 7776|0.05 0.007035184681278839 -0.0897906319531383 0.0795969803580876
962 816 1540 5683 5543 5961 5683 1875 10464 1531 11547 1743 5551 6789|0.05 0.008235688607287628 0.10566329146308062 -0.05634306722483218
1886 1225 1179 7300 6960 6960 6789 1875 14142 2296 12816 2134 6692 8667|0.05 0.006645338852249161 0.13090067102542458 -0.08705141468554611
5683 1875 5543 962 1540 11547 10464 816 5683 1531 5961 5997 1262 7076|0.05 -0.0006125377054710945 -0.07362916330665437 0.14085471406721117
2142 1875 1487 240 1152 4320 2610 656 1569 1231 1383 3031 747 2581|0.05 0.002000749266415358 -0.07387336244197518 0.10547746427993943
1755 1523 366 2106 2390 3264 2265 1875 6581 2856 3976 1819 3007 4899|0.05 0.006341731876233769 0.14311899642724946 -0.09403720447575092
7434 1875 7382 2000 2000 15000 15000 1000 7434 1875 7382 7617 2236 9234|0.05 0.00884662553710669 -0.0701361096458164 0.08836926703793324
2000 1000 2000 7382 7434 7434 7382 1875 15000 1875 15000 2236 7617 9234|0.05 0.0022552443505374775 0.09678973489792186 -0.08513764593995665
2000 1000 2000 7434 7382 7382 7434 1875 15000 1875 15000 2236 7450 9192|0.05 0.006117716414062446 0.08652300017965686 -0.089863083924413
7382 1875 7434 2000 2000 15000 15000 1000 7382 1875 7434 7450 2236 9192|0.05 0.0016273708217950933 -0.08066872836744232 0.11881585582678822
125 1000 125 461 989 989 461 1875 938 1875 938 1008 1931 1047|0.05 0.001364271662824823 0.09140888427221494 -0.0676079187154155
461 1875 989 125 125 938 938 1000 461 1875 989 1101 1008 575|0.05 0.005043252499530304 -0.0739171710361819 0.07994760279973256
125 1000 125 989 461 461 989 1875 938 1875 938 1008 1101 575|0.05 -0.0028153828678256776 0.09429996696057819 -0.07537239892287162
989 1875 461 125 125 938 938 1000 989 1875 461 1931 1008 1047|0.05 -0.0002319105676240607 -0.05689616830261146 0.12174955365685358
1000 1000 1000 67 67 533 533 1000 1104 1000 1104 1414 1002 1133|0.05 0.003723171782099577 -0.08325794263340902 0.12710770777911717
67 1000 67 1000 1000 1104 1104 1000 533 1000 533 1002 1414 1133|0.05 0.008425574681789616 0.09724098633405953 -0.07982622553889485
67 1000 67 1104 1104 1000 1000 1000 533 1000 533 1002 1489 1002|0.05 0.005761046304877393 0.06932925795259948 -0.07702761932223301
1104 1000 1104 67 67 533 533 1000 1000 1000 1000 1489 1002 1002|0.05 0.008339235368626241 -0.0678177202601038 0.13647498693469817
7300 1875 6960 1886 1886 14142 14142 1000 7300 1875 6960 7792 2134 8942|0.05 0.00871964126711644 -0.08554572005134542 0.06722251191409567
1886 1000 1886 6960 7300 7300 6960 1875 14142 1875 14142 2134 7792 8942|0.05 0.007061849568412715 0.11327880021837933 -0.06616406940409436
1886 1000 1886 7300 6960 6960 7300 1875 14142 1875 14142 2134 6692 8667|0.05 0.005568025425126688 0.0730384588088584 -0.07318746457369629
6960 1875 7300 1886 1886 14142 14142 1000 6960 1875 7300 6692 2134 8667|0.05 0.006330453316165663 -0.07835608021098173 0.045037089820878506
2142 1875 1487 384 1920 5760 2880 1000 2142 1875 1487 3031 1318 3956|0.05 -0.002915783615808909 -0.07681741900333328 0.08886666378473018
1920 1000 384 1487 2142 2142 1487 1875 5760 1875 2880 1318 3031 3956|0.05 0.010494435771228883 0.11364905483225218 -0.02443155694778043
1000 1000 1000 71 71 566 566 1000 738 1000 738 1414 1002 721|0.05 0.008256458236926001 -0.07137488438693107 0.10902894437595512
71 1000 71 1000 1000 738 738 1000 566 1000 566 1002 1414 721|0.05 -0.003419897132430627 0.1252800712724822 -0.08062774555069208
71 1000 71 738 738 1000 1000 1000 566 1000 566 1002 1243 1051|0.05 0.0011101604427676826 0.12249872094963754 -0.05307777496241339
738 1000 738 71 71 566 566 1000 1000 1000 1000 1243 1002 1051|0.05 0.0006994097051538084 -0.08008563262541957 0.10689966080856816
1000 1000 1000 200 1600 3000 1600 1720 1720 1720 1720 1414 1887 3162|0.05 -0.0036021637426231212 -0.056338773742721227 0.12362697479277873
1600 1720 200 1000 1000 1720 1720 1000 3000 1720 1600 1887 1414 3162|0.05 -0.001736271804335665 0.08959355066038288 -0.05959607593432281
1000 1000 1000 116 930 1744 930 581 581 581 581 1823 593 1097|0.05 0.007555301262534009 -0.09201355024632263 0.13570060202756418
930 581 116 1000 1000 581 581 1000 1744 581 930 593 1823 1097|0.05 0.007240570317352812 0.04094036519544986 -0.07826277539729865
1000 1000 1000 200 200 1600 1600 1000 1720 1000 1720 1414 1020 1887|0.05 0.002975700051619512 -0.08024970028591594 0.06383066044982622
200 1000 200 1000 1000 1720 1720 1000 1600 1000 1600 1020 1414 1887|0.05 0.006440017113991114 0.1263172880701635 -0.06064794787469907
200 1000 200 1720 1720 1000 1000 1000 1600 1000 1600 1020 1990 1020|0.05 0.005111165386870731 0.10884511109172657 -0.07519923279309393
1720 1000 1720 200 200 1600 1600 1000 1000 1000 1000 1990 1020 1020|0.05 -0.0005155607104456728 -0.06754523055308437 0.12929624519595562
70 1000 70 1220 1747 1747 1220 1690 1056 1690 1056 1002 2648 1768|0.05 0.009340495652681025 0.13432629319683365 -0.08778500523410004
1220 1690 1747 70 70 1056 1056 1000 1220 1690 1747 954 1002 1250|0.05 0.009040605032797355 -0.08744950110596061 0.1397131875987534
70 1000 70 1747 1220 1220 1747 1690 1056 1690 1056 1002 954 1250|0.05 0.008466732605287852 0.140546224945286 -0.08781792566577185
1747 1690 1220 70 70 1056 1056 1000 1747 1690 1220 2648 1002 1768|0.05 0.007637145706109738 -0.08819241895234087 0.13862439482306588
1000 1000 1000 67 533 1000 533 1104 1104 1104 1104 1414 1133 1414|0.05 0.006601545161319944 -0.07257801184483603 0.039984042830207844
533 1104 67 1000 1000 1104 1104 1000 1000 1104 533 1133 1414 1414|0.05 -0.004877937999191451 0.11262656549110961 -0.05226173420952995
1000 1000 1000 60 483 906 483 906 906 906 906 1535 908 1027|0.05 0.0011159065357180253 -0.06653064772249695 0.11513276177800513
483 906 60 1000 1000 906 906 1000 906 906 483 908 1535 1027|0.05 0.006882724505106186 0.11310824121716134 -0.02657135149130796
848 1690 1093 70 70 1056 1056 1000 848 1690 1093 1311 1002 891|0.05 0.008367805371416459 -0.08754624193417104 0.1315900102743628
70 1000 70 848 1093 1093 848 1690 1056 1690 1056 1002 1891 1127|0.05 0.00816536931384615 0.14574706635718693 -0.08495270213090822
1093 1690 848 70 70 1056 1056 1000 1093 1690 848 1891 1002 1127|0.05 0.008917952893587877 -0.08729031569049583 0.13937103119437078
70 1000 70 1093 848 848 1093 1690 1056 1690 1056 1002 1311 891|0.05 0.009592450658939544 0.13255392224581275 -0.08674843954754263
1246 1000 83 2060 2143 2143 2060 2143 3737 2143 1246 1050 2653 3041|0.05 0.008497541672387587 0.11935516766561793 -0.07963428944355533
1040 1040 485 40 605 1814 605 1000 1040 1040 485 1288 1012 1476|0.05 0.007918660251677867 -0.11708251305021178 0.24353591584818757
2143 2143 2060 83 1246 3737 1246 1000 2143 2143 2060 2653 1050 3041|0.05 0.0019943625179652535 -0.09084714399013816 0.21060558414927266
605 1000 40 485 1040 1040 485 1040 1814 1040 605 1012 1288 1476|0.05 0.008232647620716183 0.24287276139883796 -0.11712443069915146
1886 1000 471 6452 6960 6960 6452 1875 14142 1875 11490 1374 7623 8667|0.1 0.004036022514848359 0.25368951260871464 -0.09749070345854371
6960 1875 6452 471 1886 14142 11490 1000 6960 1875 6452 7623 1374 8667|0.1 0.01335908268657926 -0.10612126010245082 0.21653890011603227
1417 1875 1314 96 384 2880 2340 1000 1417 1875 1314 2051 1018 1765|0.1 0.00029425145303463296 -0.11089363518485107 0.23286149753009688
384 1000 96 1314 1417 1417 1314 1875 2880 1875 2340 1018 2051 1765|0.1 0.010386839702400952 0.30723731149220557 -0.06707591281599479
1540 1000 385 5543 5683 5683 5543 1875 11547 1875 9382 1262 5997 7076|0.1 -0.004104619277255361 0.3547615171434826 -0.08748813387518428
5683 1875 5543 385 1540 11547 9382 1000 5683 1875 5543 5997 1262 7076|0.1 -0.00560333415406844 -0.09452827845551681 0.2784916056069098
2390 1875 2106 146 585 4388 3565 1000 2390 1875 2106 3007 1042 2877|0.1 0.009425618445924044 -0.0732726000307593 0.4033078849595828
585 1000 146 2106 2390 2390 2106 1875 4388 1875 3565 1042 3007 2877|0.1 0.005673986623146998 0.38181694808048894 -0.08044317443956506